No	TMNo	EnNo	Name		GMNo	Mode	DateTime
1	1	30735	        	0	1	2025/11/04 13:18:45
2	1	2	        	1	1	2025/11/05 10:18:38
3	1	28849	        	1	1	2025/11/05 11:14:34
4	1	28849	        	0	1	2025/11/05 11:15:07
5	1	2	        	0	1	2025/11/05 11:51:43
6	1	28850	        	0	1	2025/11/05 12:00:49
7	1	30736	        	0	1	2025/11/05 12:00:55
8	1	30728	        	0	1	2025/11/05 16:59:18
9	1	30728	        	0	1	2025/11/05 16:59:42
10	1	30735	        	0	1	2025/11/05 17:00:17
11	1	30735	        	0	1	2025/11/05 17:00:19
12	1	30732	        	0	1	2025/11/05 17:00:37
13	1	30316	        	6	1	2025/11/05 17:05:52
14	1	30316	        	6	1	2025/11/05 17:05:54
15	1	28849	        	6	1	2025/11/05 17:14:50
16	1	28849	        	5	1	2025/11/05 17:14:56
17	1	28849	        	3	1	2025/11/05 17:15:01
18	1	28849	        	2	1	2025/11/05 17:15:08
19	1	28849	        	2	1	2025/11/05 17:15:09
20	1	28928	        	6	1	2025/11/05 19:53:41
21	1	29553	        	0	1	2025/11/06 04:50:14
22	1	29553	        	0	1	2025/11/06 04:50:16
23	1	24779	        	0	1	2025/11/06 06:59:23
24	1	24779	        	0	1	2025/11/06 06:59:25
25	1	24779	        	0	1	2025/11/06 06:59:27
26	1	30736	        	1	1	2025/11/06 07:27:04
27	1	30736	        	1	1	2025/11/06 07:27:06
28	1	30736	        	1	1	2025/11/06 07:27:07
29	1	30736	        	0	1	2025/11/06 07:27:09
30	1	28952	        	1	1	2025/11/06 07:28:04
31	1	28952	        	1	1	2025/11/06 07:28:06
32	1	28952	        	1	1	2025/11/06 07:28:08
33	1	30733	        	1	1	2025/11/06 07:31:24
34	1	30732	        	0	1	2025/11/06 07:38:09
35	1	30528	        	0	1	2025/11/06 07:40:10
36	1	30528	        	0	1	2025/11/06 07:40:13
37	1	28850	        	1	1	2025/11/06 07:42:55
38	1	28850	        	0	1	2025/11/06 07:43:01
39	1	28849	        	0	1	2025/11/06 07:47:03
40	1	28849	        	0	1	2025/11/06 07:47:04
41	1	29588	        	1	1	2025/11/06 07:47:47
42	1	29588	        	0	1	2025/11/06 07:47:50
43	1	30180	        	1	1	2025/11/06 07:50:10
44	1	30180	        	0	1	2025/11/06 07:50:13
45	1	30728	        	0	1	2025/11/06 07:51:24
46	1	30728	        	1	1	2025/11/06 07:51:33
47	1	30728	        	1	1	2025/11/06 07:51:35
48	1	30170	        	1	1	2025/11/06 07:53:35
49	1	30170	        	1	1	2025/11/06 07:53:36
50	1	30316	        	1	1	2025/11/06 07:53:54
51	1	30316	        	1	1	2025/11/06 07:53:56
52	1	30316	        	0	1	2025/11/06 07:53:57
53	1	30178	        	0	1	2025/11/06 07:59:16
54	1	30178	        	0	1	2025/11/06 07:59:19
55	1	30314	        	1	1	2025/11/06 08:01:21
56	1	30314	        	0	1	2025/11/06 08:01:25
57	1	30724	        	0	1	2025/11/06 08:01:42
58	1	30724	        	0	1	2025/11/06 08:01:45
59	1	28928	        	1	1	2025/11/06 08:02:17
60	1	30734	        	0	1	2025/11/06 08:05:56
61	1	30734	        	0	1	2025/11/06 08:06:29
62	1	30735	        	1	1	2025/11/06 08:31:05
63	1	30735	        	0	1	2025/11/06 08:31:08
64	1	29589	        	1	1	2025/11/06 08:43:19
65	1	30316	        	2	1	2025/11/06 11:59:24
66	1	30316	        	2	1	2025/11/06 11:59:25
67	1	30316	        	0	1	2025/11/06 11:59:59
68	1	30316	        	0	1	2025/11/06 12:00:01
69	1	28850	        	2	1	2025/11/06 12:00:26
70	1	28850	        	2	1	2025/11/06 12:00:28
71	1	30736	        	2	1	2025/11/06 12:00:47
72	1	30736	        	2	1	2025/11/06 12:00:49
73	1	30736	        	2	1	2025/11/06 12:00:51
74	1	30736	        	3	1	2025/11/06 12:01:39
75	1	30736	        	3	1	2025/11/06 12:01:40
76	1	30736	        	3	1	2025/11/06 12:01:42
77	1	28850	        	3	1	2025/11/06 12:01:59
78	1	28850	        	3	1	2025/11/06 12:02:01
79	1	29589	        	2	1	2025/11/06 12:03:27
80	1	29589	        	3	1	2025/11/06 12:03:35
81	1	30734	        	0	1	2025/11/06 12:03:52
82	1	30178	        	2	1	2025/11/06 12:04:45
83	1	30178	        	2	1	2025/11/06 12:04:47
84	1	28849	        	0	1	2025/11/06 12:04:59
85	1	30733	        	2	1	2025/11/06 12:05:08
86	1	30733	        	2	1	2025/11/06 12:05:10
87	1	29588	        	2	1	2025/11/06 12:05:12
88	1	29588	        	0	1	2025/11/06 12:05:18
89	1	30728	        	2	1	2025/11/06 12:05:36
90	1	30728	        	2	1	2025/11/06 12:05:38
91	1	30728	        	2	1	2025/11/06 12:05:39
92	1	30733	        	3	1	2025/11/06 12:06:10
93	1	30733	        	3	1	2025/11/06 12:06:11
94	1	30178	        	3	1	2025/11/06 12:06:39
95	1	30178	        	3	1	2025/11/06 12:06:40
96	1	30728	        	3	1	2025/11/06 12:07:20
97	1	30728	        	3	1	2025/11/06 12:07:21
98	1	23410	        	2	1	2025/11/06 12:07:48
99	1	23410	        	0	1	2025/11/06 12:08:06
100	1	30180	        	2	1	2025/11/06 12:08:19
101	1	30180	        	2	1	2025/11/06 12:08:21
102	1	30170	        	2	1	2025/11/06 12:08:33
103	1	28928	        	2	1	2025/11/06 12:09:16
104	1	28928	        	2	1	2025/11/06 12:09:18
105	1	28928	        	3	1	2025/11/06 12:09:25
106	1	30180	        	3	1	2025/11/06 12:09:32
107	1	30180	        	3	1	2025/11/06 12:09:34
108	1	30735	        	2	1	2025/11/06 12:09:48
109	1	30735	        	2	1	2025/11/06 12:09:50
110	1	30314	        	0	1	2025/11/06 12:10:04
111	1	30170	        	3	1	2025/11/06 12:10:17
112	1	30170	        	3	1	2025/11/06 12:10:19
113	1	30735	        	3	1	2025/11/06 12:11:11
114	1	30735	        	3	1	2025/11/06 12:11:13
115	1	30314	        	3	1	2025/11/06 12:11:24
116	1	30314	        	0	1	2025/11/06 12:11:28
117	1	30734	        	0	1	2025/11/06 12:12:03
118	1	30724	        	0	1	2025/11/06 12:12:07
119	1	30724	        	2	1	2025/11/06 12:12:21
120	1	30528	        	2	1	2025/11/06 12:12:32
121	1	30724	        	3	1	2025/11/06 12:13:09
122	1	30528	        	3	1	2025/11/06 12:13:44
123	1	28952	        	2	1	2025/11/06 12:14:15
124	1	28952	        	2	1	2025/11/06 12:14:17
125	1	28952	        	0	1	2025/11/06 12:14:22
126	1	28952	        	3	1	2025/11/06 12:14:45
127	1	28952	        	3	1	2025/11/06 12:14:46
128	1	30732	        	0	1	2025/11/06 12:36:24
129	1	30732	        	4	1	2025/11/06 12:37:16
130	1	28850	        	4	1	2025/11/06 17:00:06
131	1	28850	        	4	1	2025/11/06 17:00:08
132	1	28850	        	0	1	2025/11/06 17:00:12
133	1	24779	        	0	1	2025/11/06 17:00:14
134	1	24779	        	0	1	2025/11/06 17:00:15
135	1	24779	        	0	1	2025/11/06 17:00:17
136	1	30528	        	4	1	2025/11/06 17:00:27
137	1	30528	        	4	1	2025/11/06 17:00:29
138	1	28952	        	4	1	2025/11/06 17:00:49
139	1	28952	        	0	1	2025/11/06 17:00:51
140	1	28952	        	0	1	2025/11/06 17:00:53
141	1	30728	        	4	1	2025/11/06 17:01:08
142	1	30728	        	4	1	2025/11/06 17:01:10
143	1	30728	        	4	1	2025/11/06 17:01:11
144	1	23410	        	0	1	2025/11/06 17:01:20
145	1	30736	        	0	1	2025/11/06 17:02:20
146	1	30736	        	6	1	2025/11/06 17:02:26
147	1	30736	        	6	1	2025/11/06 17:02:28
148	1	30180	        	4	1	2025/11/06 17:03:17
149	1	30180	        	4	1	2025/11/06 17:03:19
150	1	30170	        	4	1	2025/11/06 17:04:00
151	1	30734	        	0	1	2025/11/06 17:06:50
152	1	30724	        	4	1	2025/11/06 17:06:58
153	1	30735	        	4	1	2025/11/06 17:09:00
154	1	30735	        	4	1	2025/11/06 17:09:02
155	1	30316	        	6	1	2025/11/06 17:09:44
156	1	30316	        	6	1	2025/11/06 17:09:45
157	1	30316	        	6	1	2025/11/06 17:09:47
158	1	30178	        	6	1	2025/11/06 17:13:09
159	1	30178	        	0	1	2025/11/06 17:13:11
160	1	30178	        	4	1	2025/11/06 17:13:30
161	1	30178	        	4	1	2025/11/06 17:13:32
162	1	30314	        	4	1	2025/11/06 17:13:40
163	1	30314	        	4	1	2025/11/06 17:13:42
164	1	29589	        	0	1	2025/11/06 17:13:44
165	1	30733	        	4	1	2025/11/06 17:20:34
166	1	30733	        	4	1	2025/11/06 17:20:36
167	1	30733	        	0	1	2025/11/06 17:20:56
168	1	29588	        	6	1	2025/11/06 17:23:02
169	1	29588	        	6	1	2025/11/06 17:23:04
170	1	28849	        	0	1	2025/11/06 17:24:20
171	1	28849	        	0	1	2025/11/06 17:24:22
172	1	30732	        	4	1	2025/11/06 17:51:59
173	1	28928	        	4	1	2025/11/06 18:24:47
174	1	28928	        	4	1	2025/11/06 18:24:49
175	1	29553	        	0	1	2025/11/07 04:29:48
176	1	29553	        	0	1	2025/11/07 04:29:50
177	1	29553	        	0	1	2025/11/07 04:29:53
178	1	30724	        	1	1	2025/11/07 05:59:41
179	1	24779	        	0	1	2025/11/07 07:03:43
180	1	24779	        	0	1	2025/11/07 07:03:47
181	1	24779	        	0	1	2025/11/07 07:03:53
182	1	24779	        	1	1	2025/11/07 07:04:07
183	1	30733	        	1	1	2025/11/07 07:28:03
184	1	30733	        	0	1	2025/11/07 07:28:06
185	1	30316	        	1	1	2025/11/07 07:28:31
186	1	30316	        	1	1	2025/11/07 07:28:33
187	1	30732	        	5	1	2025/11/07 07:37:11
188	1	28952	        	0	1	2025/11/07 07:42:32
189	1	28952	        	0	1	2025/11/07 07:42:34
190	1	30734	        	0	1	2025/11/07 07:45:02
191	1	30734	        	1	1	2025/11/07 07:45:07
192	1	30736	        	0	1	2025/11/07 07:45:13
193	1	30736	        	0	1	2025/11/07 07:45:14
194	1	30314	        	1	1	2025/11/07 07:45:46
195	1	30180	        	1	1	2025/11/07 07:47:02
196	1	30180	        	1	1	2025/11/07 07:47:03
197	1	30528	        	1	1	2025/11/07 07:51:40
198	1	30528	        	0	1	2025/11/07 07:51:42
199	1	29588	        	1	1	2025/11/07 07:54:45
200	1	29588	        	1	1	2025/11/07 07:54:47
201	1	30170	        	1	1	2025/11/07 07:58:01
202	1	28928	        	1	1	2025/11/07 07:58:18
203	1	30728	        	1	1	2025/11/07 07:59:18
204	1	30728	        	1	1	2025/11/07 07:59:19
205	1	30178	        	1	1	2025/11/07 08:02:34
206	1	30178	        	1	1	2025/11/07 08:02:37
207	1	29589	        	1	1	2025/11/07 08:15:16
208	1	29589	        	1	1	2025/11/07 08:15:18
209	1	30735	        	1	1	2025/11/07 08:20:26
210	1	30735	        	1	1	2025/11/07 08:20:27
211	1	23401	        	1	1	2025/11/07 08:28:29
212	1	2	        	2	1	2025/11/07 11:54:47
213	1	30732	        	2	1	2025/11/07 12:00:27
214	1	30314	        	2	1	2025/11/07 12:00:35
215	1	30732	        	0	1	2025/11/07 12:01:03
216	1	24779	        	2	1	2025/11/07 12:01:58
217	1	24779	        	2	1	2025/11/07 12:02:00
218	1	30314	        	3	1	2025/11/07 12:02:12
219	1	29553	        	2	1	2025/11/07 12:02:24
220	1	29553	        	0	1	2025/11/07 12:02:26
221	1	29553	        	0	1	2025/11/07 12:02:28
222	1	24779	        	3	1	2025/11/07 12:02:54
223	1	24779	        	3	1	2025/11/07 12:02:56
224	1	29553	        	3	1	2025/11/07 12:03:02
225	1	29553	        	3	1	2025/11/07 12:03:04
226	1	29553	        	3	1	2025/11/07 12:03:06
227	1	30180	        	2	1	2025/11/07 12:03:28
228	1	30180	        	2	1	2025/11/07 12:03:29
229	1	30180	        	2	1	2025/11/07 12:03:31
230	1	30728	        	2	1	2025/11/07 12:03:46
231	1	30728	        	2	1	2025/11/07 12:03:48
232	1	23401	        	2	1	2025/11/07 12:04:09
233	1	30728	        	3	1	2025/11/07 12:04:37
234	1	30180	        	3	1	2025/11/07 12:04:48
235	1	30180	        	0	1	2025/11/07 12:04:51
236	1	30180	        	0	1	2025/11/07 12:04:55
237	1	30180	        	0	1	2025/11/07 12:04:57
238	1	30734	        	0	1	2025/11/07 12:05:23
239	1	30528	        	2	1	2025/11/07 12:06:31
240	1	30528	        	2	1	2025/11/07 12:06:34
241	1	23401	        	3	1	2025/11/07 12:06:42
242	1	30316	        	2	1	2025/11/07 12:06:53
243	1	30316	        	2	1	2025/11/07 12:06:55
244	1	30316	        	3	1	2025/11/07 12:07:28
245	1	30316	        	3	1	2025/11/07 12:07:30
246	1	30528	        	3	1	2025/11/07 12:07:55
247	1	30528	        	3	1	2025/11/07 12:07:57
248	1	28850	        	2	1	2025/11/07 12:09:49
249	1	29588	        	2	1	2025/11/07 12:11:28
250	1	29588	        	2	1	2025/11/07 12:11:30
251	1	30733	        	2	1	2025/11/07 12:11:40
252	1	30733	        	2	1	2025/11/07 12:11:42
253	1	28849	        	0	1	2025/11/07 12:11:54
254	1	28850	        	3	1	2025/11/07 12:12:15
255	1	28849	        	1	1	2025/11/07 12:12:24
256	1	28849	        	3	1	2025/11/07 12:12:28
257	1	30733	        	0	1	2025/11/07 12:12:44
258	1	29588	        	3	1	2025/11/07 12:13:01
259	1	29588	        	3	1	2025/11/07 12:13:04
260	1	28952	        	2	1	2025/11/07 12:13:24
261	1	28952	        	2	1	2025/11/07 12:13:26
262	1	28952	        	3	1	2025/11/07 12:13:30
263	1	28952	        	3	1	2025/11/07 12:13:32
264	1	28952	        	3	1	2025/11/07 12:13:34
265	1	28928	        	2	1	2025/11/07 12:14:20
266	1	30735	        	2	1	2025/11/07 12:14:31
267	1	30735	        	2	1	2025/11/07 12:14:33
268	1	29589	        	0	1	2025/11/07 12:14:35
269	1	28928	        	3	1	2025/11/07 12:15:01
270	1	28928	        	3	1	2025/11/07 12:15:03
271	1	30735	        	3	1	2025/11/07 12:15:19
272	1	30735	        	3	1	2025/11/07 12:15:21
273	1	29589	        	3	1	2025/11/07 12:15:35
274	1	29589	        	3	1	2025/11/07 12:15:37
275	1	30170	        	2	1	2025/11/07 12:19:27
276	1	30170	        	0	1	2025/11/07 12:20:34
277	1	30178	        	2	1	2025/11/07 12:21:29
278	1	30178	        	2	1	2025/11/07 12:21:30
279	1	30736	        	2	1	2025/11/07 12:21:52
280	1	30736	        	2	1	2025/11/07 12:21:54
281	1	30178	        	3	1	2025/11/07 12:22:27
282	1	30178	        	3	1	2025/11/07 12:22:29
283	1	30736	        	3	1	2025/11/07 12:23:22
284	1	30736	        	3	1	2025/11/07 12:23:23
285	1	30736	        	3	1	2025/11/07 12:23:25
286	1	29589	        	4	1	2025/11/07 16:59:47
287	1	29589	        	4	1	2025/11/07 16:59:48
288	1	28850	        	4	1	2025/11/07 16:59:53
289	1	30724	        	4	1	2025/11/07 17:00:03
290	1	30528	        	0	1	2025/11/07 17:00:08
291	1	30736	        	0	1	2025/11/07 17:00:31
292	1	30736	        	0	1	2025/11/07 17:00:32
293	1	24779	        	0	1	2025/11/07 17:00:37
294	1	24779	        	0	1	2025/11/07 17:00:38
295	1	24779	        	0	1	2025/11/07 17:00:40
296	1	24779	        	4	1	2025/11/07 17:00:53
297	1	24779	        	4	1	2025/11/07 17:00:55
298	1	30733	        	4	1	2025/11/07 17:01:08
299	1	30733	        	4	1	2025/11/07 17:01:09
300	1	29588	        	6	1	2025/11/07 17:01:31
301	1	29588	        	0	1	2025/11/07 17:01:33
302	1	28952	        	4	1	2025/11/07 17:01:51
303	1	28952	        	4	1	2025/11/07 17:01:53
304	1	23401	        	4	1	2025/11/07 17:02:10
305	1	30180	        	4	1	2025/11/07 17:03:05
306	1	30180	        	4	1	2025/11/07 17:03:06
307	1	30728	        	4	1	2025/11/07 17:03:17
308	1	30728	        	4	1	2025/11/07 17:03:18
309	1	28928	        	4	1	2025/11/07 17:03:24
310	1	28928	        	4	1	2025/11/07 17:03:25
311	1	30735	        	4	1	2025/11/07 17:03:30
312	1	30735	        	4	1	2025/11/07 17:03:32
313	1	30170	        	0	1	2025/11/07 17:03:42
314	1	30734	        	0	1	2025/11/07 17:05:11
315	1	29553	        	1	1	2025/11/07 17:05:59
316	1	29553	        	1	1	2025/11/07 17:06:01
317	1	29553	        	1	1	2025/11/07 17:06:03
318	1	30178	        	4	1	2025/11/07 17:06:42
319	1	30178	        	4	1	2025/11/07 17:06:44
320	1	30316	        	6	1	2025/11/07 17:14:19
321	1	30316	        	6	1	2025/11/07 17:14:20
322	1	30316	        	6	1	2025/11/07 17:14:22
323	1	1962	        	0	1	2025/11/07 17:19:10
324	1	30732	        	4	1	2025/11/07 17:45:28
325	1	1962	        	0	1	2025/11/07 20:32:16
326	1	1962	        	0	1	2025/11/07 20:32:18
327	1	29553	        	2	1	2025/11/10 03:59:53
328	1	29553	        	2	1	2025/11/10 03:59:56
329	1	29553	        	0	1	2025/11/10 03:59:59
330	1	29553	        	0	1	2025/11/10 04:00:01
331	1	24779	        	1	1	2025/11/10 06:45:36
332	1	24779	        	1	1	2025/11/10 06:45:38
333	1	30316	        	1	1	2025/11/10 07:04:47
334	1	30733	        	1	1	2025/11/10 07:23:04
335	1	30733	        	1	1	2025/11/10 07:23:06
336	1	23410	        	0	1	2025/11/10 07:34:46
337	1	28952	        	1	1	2025/11/10 07:41:17
338	1	28952	        	1	1	2025/11/10 07:41:19
339	1	30180	        	0	1	2025/11/10 07:42:31
340	1	30180	        	1	1	2025/11/10 07:42:42
341	1	30180	        	1	1	2025/11/10 07:42:44
342	1	30736	        	0	1	2025/11/10 07:43:14
343	1	30736	        	0	1	2025/11/10 07:43:15
344	1	30736	        	0	1	2025/11/10 07:43:20
345	1	30736	        	0	1	2025/11/10 07:43:21
346	1	30724	        	1	1	2025/11/10 07:43:27
347	1	30170	        	1	1	2025/11/10 07:44:22
348	1	30528	        	1	1	2025/11/10 07:45:57
349	1	28850	        	1	1	2025/11/10 07:46:29
350	1	28928	        	1	1	2025/11/10 07:49:27
351	1	30314	        	1	1	2025/11/10 07:53:23
352	1	30728	        	1	1	2025/11/10 07:55:15
353	1	30734	        	0	1	2025/11/10 08:05:10
354	1	30735	        	1	1	2025/11/10 08:13:37
355	1	29589	        	1	1	2025/11/10 08:17:43
356	1	29589	        	1	1	2025/11/10 08:17:45
357	1	30528	        	2	1	2025/11/10 12:00:17
358	1	30528	        	2	1	2025/11/10 12:00:19
359	1	30736	        	0	1	2025/11/10 12:00:26
360	1	30736	        	0	1	2025/11/10 12:00:28
361	1	30736	        	2	1	2025/11/10 12:00:49
362	1	30736	        	2	1	2025/11/10 12:00:51
363	1	30736	        	3	1	2025/11/10 12:01:06
364	1	30736	        	3	1	2025/11/10 12:01:08
365	1	30736	        	3	1	2025/11/10 12:01:09
366	1	24779	        	2	1	2025/11/10 12:01:27
367	1	24779	        	2	1	2025/11/10 12:01:29
368	1	24779	        	2	1	2025/11/10 12:01:31
369	1	24779	        	3	1	2025/11/10 12:01:39
370	1	24779	        	3	1	2025/11/10 12:01:40
371	1	28850	        	2	1	2025/11/10 12:01:47
372	1	28850	        	2	1	2025/11/10 12:01:56
373	1	28850	        	3	1	2025/11/10 12:02:36
374	1	28850	        	3	1	2025/11/10 12:02:38
375	1	28952	        	2	1	2025/11/10 12:03:21
376	1	28952	        	2	1	2025/11/10 12:03:23
377	1	30528	        	3	1	2025/11/10 12:04:00
378	1	30316	        	2	1	2025/11/10 12:04:09
379	1	30316	        	2	1	2025/11/10 12:04:10
380	1	30316	        	3	1	2025/11/10 12:04:22
381	1	30316	        	3	1	2025/11/10 12:04:24
382	1	28952	        	3	1	2025/11/10 12:04:37
383	1	28952	        	3	1	2025/11/10 12:04:39
384	1	29553	        	3	1	2025/11/10 12:04:53
385	1	29553	        	3	1	2025/11/10 12:04:55
386	1	30732	        	6	1	2025/11/10 12:05:36
387	1	30732	        	3	1	2025/11/10 12:05:48
388	1	30734	        	2	1	2025/11/10 12:07:59
389	1	30733	        	2	1	2025/11/10 12:08:34
390	1	30733	        	2	1	2025/11/10 12:08:36
391	1	29589	        	2	1	2025/11/10 12:08:56
392	1	29589	        	2	1	2025/11/10 12:08:58
393	1	30724	        	2	1	2025/11/10 12:09:17
394	1	28928	        	2	1	2025/11/10 12:09:32
395	1	28928	        	2	1	2025/11/10 12:09:34
396	1	29589	        	3	1	2025/11/10 12:09:39
397	1	29589	        	3	1	2025/11/10 12:09:41
398	1	29589	        	3	1	2025/11/10 12:09:42
399	1	30735	        	2	1	2025/11/10 12:09:52
400	1	30735	        	2	1	2025/11/10 12:09:54
401	1	30724	        	3	1	2025/11/10 12:10:13
402	1	30733	        	3	1	2025/11/10 12:10:20
403	1	30733	        	3	1	2025/11/10 12:10:22
404	1	28928	        	3	1	2025/11/10 12:10:52
405	1	28928	        	3	1	2025/11/10 12:10:54
406	1	30728	        	2	1	2025/11/10 12:11:13
407	1	30728	        	2	1	2025/11/10 12:11:16
408	1	30735	        	3	1	2025/11/10 12:11:19
409	1	30735	        	3	1	2025/11/10 12:11:21
410	1	30170	        	2	1	2025/11/10 12:11:50
411	1	30180	        	0	1	2025/11/10 12:14:54
412	1	30180	        	0	1	2025/11/10 12:14:56
413	1	30180	        	3	1	2025/11/10 12:15:29
414	1	30180	        	0	1	2025/11/10 12:15:34
415	1	30728	        	3	1	2025/11/10 12:15:51
416	1	30314	        	2	1	2025/11/10 12:24:19
417	1	30314	        	0	1	2025/11/10 12:24:37
418	1	30724	        	4	1	2025/11/10 16:59:35
419	1	28952	        	4	1	2025/11/10 16:59:41
420	1	28952	        	4	1	2025/11/10 16:59:43
421	1	24779	        	0	1	2025/11/10 17:00:14
422	1	24779	        	0	1	2025/11/10 17:00:15
423	1	24779	        	4	1	2025/11/10 17:00:32
424	1	24779	        	4	1	2025/11/10 17:00:34
425	1	30170	        	0	1	2025/11/10 17:00:36
426	1	28850	        	4	1	2025/11/10 17:02:10
427	1	30314	        	4	1	2025/11/10 17:03:35
428	1	30316	        	4	1	2025/11/10 17:03:58
429	1	30316	        	4	1	2025/11/10 17:04:00
430	1	30734	        	0	1	2025/11/10 17:04:56
431	1	30180	        	4	1	2025/11/10 17:05:06
432	1	30733	        	4	1	2025/11/10 17:07:38
433	1	30733	        	4	1	2025/11/10 17:07:40
434	1	28928	        	4	1	2025/11/10 17:11:41
435	1	28928	        	4	1	2025/11/10 17:11:42
436	1	30728	        	4	1	2025/11/10 17:12:17
437	1	30736	        	0	1	2025/11/10 17:16:59
438	1	30736	        	0	1	2025/11/10 17:17:01
439	1	30528	        	4	1	2025/11/10 17:20:00
440	1	30735	        	4	1	2025/11/10 17:32:41
441	1	30735	        	4	1	2025/11/10 17:32:42
442	1	1962	        	0	1	2025/11/10 19:51:46
443	1	28952	        	1	1	2025/11/11 07:47:37
444	1	28952	        	1	1	2025/11/11 07:47:39
445	1	29588	        	1	1	2025/11/11 07:48:19
446	1	29588	        	1	1	2025/11/11 07:48:21
447	1	30733	        	0	1	2025/11/11 07:48:24
448	1	30733	        	0	1	2025/11/11 07:48:25
449	1	24779	        	0	1	2025/11/11 07:48:28
450	1	24779	        	0	1	2025/11/11 07:48:30
451	1	30736	        	1	1	2025/11/11 07:48:41
452	1	30736	        	1	1	2025/11/11 07:48:42
453	1	30180	        	1	1	2025/11/11 07:49:03
454	1	30180	        	1	1	2025/11/11 07:49:04
455	1	28897	        	0	1	2025/11/11 07:51:35
456	1	28897	        	0	1	2025/11/11 07:51:52
457	1	28897	        	0	1	2025/11/11 07:51:53
458	1	28850	        	1	1	2025/11/11 07:52:19
459	1	28928	        	1	1	2025/11/11 07:54:01
460	1	28928	        	1	1	2025/11/11 07:54:03
461	1	30316	        	1	1	2025/11/11 07:54:43
462	1	30316	        	1	1	2025/11/11 07:54:45
463	1	30178	        	1	1	2025/11/11 08:08:53
464	1	30178	        	1	1	2025/11/11 08:08:55
465	1	29589	        	1	1	2025/11/11 08:18:44
466	1	29589	        	1	1	2025/11/11 08:18:45
467	1	30170	        	1	1	2025/11/11 08:22:11
468	1	30735	        	1	1	2025/11/11 08:32:18
469	1	30735	        	1	1	2025/11/11 08:32:19
470	1	30734	        	1	1	2025/11/11 08:37:43
471	1	30314	        	1	1	2025/11/11 08:59:05
472	1	28850	        	2	1	2025/11/11 12:01:03
473	1	30316	        	0	1	2025/11/11 12:01:08
474	1	30316	        	0	1	2025/11/11 12:01:14
475	1	28850	        	3	1	2025/11/11 12:01:34
476	1	29589	        	2	1	2025/11/11 12:01:42
477	1	29589	        	2	1	2025/11/11 12:01:44
478	1	28928	        	2	1	2025/11/11 12:02:02
479	1	28928	        	2	1	2025/11/11 12:02:03
480	1	30736	        	0	1	2025/11/11 12:02:07
481	1	30736	        	0	1	2025/11/11 12:02:09
482	1	29589	        	3	1	2025/11/11 12:02:30
483	1	29589	        	3	1	2025/11/11 12:02:32
484	1	28928	        	3	1	2025/11/11 12:02:40
485	1	28928	        	3	1	2025/11/11 12:02:42
486	1	23410	        	0	1	2025/11/11 12:03:03
487	1	23410	        	0	1	2025/11/11 12:03:04
488	1	30734	        	0	1	2025/11/11 12:03:36
489	1	30724	        	2	1	2025/11/11 12:03:45
490	1	30180	        	2	1	2025/11/11 12:04:10
491	1	30180	        	2	1	2025/11/11 12:04:12
492	1	30724	        	3	1	2025/11/11 12:04:31
493	1	30734	        	3	1	2025/11/11 12:04:48
494	1	24779	        	0	1	2025/11/11 12:05:20
495	1	24779	        	0	1	2025/11/11 12:05:21
496	1	30180	        	3	1	2025/11/11 12:05:42
497	1	30180	        	3	1	2025/11/11 12:05:44
498	1	29588	        	2	1	2025/11/11 12:06:03
499	1	29588	        	2	1	2025/11/11 12:06:05
500	1	30733	        	0	1	2025/11/11 12:06:08
501	1	29588	        	3	1	2025/11/11 12:06:17
502	1	29588	        	3	1	2025/11/11 12:06:18
503	1	30733	        	3	1	2025/11/11 12:07:03
504	1	30733	        	3	1	2025/11/11 12:07:05
505	1	30178	        	2	1	2025/11/11 12:07:23
506	1	30178	        	2	1	2025/11/11 12:07:25
507	1	28897	        	2	1	2025/11/11 12:08:00
508	1	30170	        	0	1	2025/11/11 12:08:03
509	1	30178	        	3	1	2025/11/11 12:08:13
510	1	28897	        	0	1	2025/11/11 12:08:16
511	1	30170	        	0	1	2025/11/11 12:08:24
512	1	24779	        	3	1	2025/11/11 12:09:05
513	1	24779	        	3	1	2025/11/11 12:09:07
514	1	30735	        	3	1	2025/11/11 12:09:35
515	1	30735	        	2	1	2025/11/11 12:09:42
516	1	30735	        	2	1	2025/11/11 12:09:44
517	1	30314	        	2	1	2025/11/11 12:10:20
518	1	30314	        	3	1	2025/11/11 12:11:00
519	1	28952	        	2	1	2025/11/11 12:20:25
520	1	28952	        	2	1	2025/11/11 12:20:27
521	1	28952	        	3	1	2025/11/11 12:21:36
522	1	28952	        	3	1	2025/11/11 12:21:38
523	1	30724	        	4	1	2025/11/11 16:59:33
524	1	29589	        	4	1	2025/11/11 17:00:01
525	1	28952	        	0	1	2025/11/11 17:00:04
526	1	30316	        	4	1	2025/11/11 17:00:57
527	1	24779	        	4	1	2025/11/11 17:01:17
528	1	24779	        	4	1	2025/11/11 17:01:20
529	1	24779	        	0	1	2025/11/11 17:01:22
530	1	28850	        	4	1	2025/11/11 17:01:59
531	1	28850	        	4	1	2025/11/11 17:02:02
532	1	29589	        	0	1	2025/11/11 17:02:04
533	1	30170	        	4	1	2025/11/11 17:02:53
534	1	30180	        	4	1	2025/11/11 17:03:27
535	1	30180	        	4	1	2025/11/11 17:03:28
536	1	30180	        	0	1	2025/11/11 17:03:32
537	1	28928	        	4	1	2025/11/11 17:05:26
538	1	28928	        	4	1	2025/11/11 17:05:29
539	1	29553	        	5	1	2025/11/11 17:07:49
540	1	29553	        	5	1	2025/11/11 17:07:51
541	1	29553	        	0	1	2025/11/11 17:07:54
542	1	30314	        	0	1	2025/11/11 17:08:08
543	1	30733	        	4	1	2025/11/11 17:14:45
544	1	30733	        	4	1	2025/11/11 17:14:47
545	1	29588	        	6	1	2025/11/11 17:14:53
546	1	29588	        	6	1	2025/11/11 17:14:56
547	1	28897	        	0	1	2025/11/11 17:25:48
548	1	28897	        	0	1	2025/11/11 17:25:50
549	1	30178	        	0	1	2025/11/11 17:26:07
550	1	30735	        	4	1	2025/11/11 17:29:36
551	1	30735	        	4	1	2025/11/11 17:29:37
552	1	30734	        	4	1	2025/11/11 17:48:43
553	1	29553	        	3	1	2025/11/12 04:26:07
554	1	29553	        	0	1	2025/11/12 04:26:09
555	1	29553	        	0	1	2025/11/12 04:26:11
556	1	30316	        	1	1	2025/11/12 06:56:40
557	1	30316	        	1	1	2025/11/12 06:56:42
558	1	24779	        	1	1	2025/11/12 07:02:17
559	1	24779	        	1	1	2025/11/12 07:02:19
560	1	28849	        	2	1	2025/11/12 07:18:58
561	1	28849	        	2	1	2025/11/12 07:19:00
562	1	28849	        	2	1	2025/11/12 07:19:02
563	1	28849	        	0	1	2025/11/12 07:19:04
564	1	28849	        	0	1	2025/11/12 07:19:06
565	1	28849	        	0	1	2025/11/12 07:19:07
566	1	28849	        	0	1	2025/11/12 07:19:09
567	1	28849	        	0	1	2025/11/12 07:19:10
568	1	28849	        	0	1	2025/11/12 07:19:12
569	1	28849	        	0	1	2025/11/12 07:19:14
570	1	28849	        	0	1	2025/11/12 07:19:16
571	1	28849	        	0	1	2025/11/12 07:19:17
572	1	28849	        	0	1	2025/11/12 07:19:19
573	1	28849	        	0	1	2025/11/12 07:19:20
574	1	28849	        	0	1	2025/11/12 07:19:23
575	1	28849	        	0	1	2025/11/12 07:19:25
576	1	28849	        	0	1	2025/11/12 07:19:26
577	1	28849	        	0	1	2025/11/12 07:19:28
578	1	28849	        	0	1	2025/11/12 07:19:32
579	1	28849	        	0	1	2025/11/12 07:19:33
580	1	28849	        	0	1	2025/11/12 07:19:35
581	1	28849	        	0	1	2025/11/12 07:19:36
582	1	28849	        	0	1	2025/11/12 07:19:38
583	1	29588	        	0	1	2025/11/12 07:19:54
584	1	29588	        	0	1	2025/11/12 07:19:56
585	1	30736	        	0	1	2025/11/12 07:21:23
586	1	30736	        	0	1	2025/11/12 07:21:25
587	1	28952	        	1	1	2025/11/12 07:37:18
588	1	28952	        	1	1	2025/11/12 07:37:19
589	1	30528	        	1	1	2025/11/12 07:39:19
590	1	30528	        	1	1	2025/11/12 07:39:21
591	1	30733	        	1	1	2025/11/12 07:41:21
592	1	30733	        	1	1	2025/11/12 07:41:23
593	1	28850	        	1	1	2025/11/12 07:43:14
594	1	28850	        	0	1	2025/11/12 07:43:16
595	1	30734	        	1	1	2025/11/12 07:43:56
596	1	30314	        	1	1	2025/11/12 07:48:26
597	1	30180	        	1	1	2025/11/12 07:51:01
598	1	30180	        	1	1	2025/11/12 07:51:03
599	1	30170	        	0	1	2025/11/12 07:54:37
600	1	28897	        	1	1	2025/11/12 07:57:55
601	1	28928	        	0	1	2025/11/12 08:03:25
602	1	30178	        	1	1	2025/11/12 08:03:37
603	1	30178	        	0	1	2025/11/12 08:03:43
604	1	30724	        	1	1	2025/11/12 08:03:54
605	1	30735	        	1	1	2025/11/12 08:18:16
606	1	30735	        	1	1	2025/11/12 08:18:17
607	1	29589	        	1	1	2025/11/12 08:48:38
608	1	29589	        	1	1	2025/11/12 08:48:39
609	1	24779	        	2	1	2025/11/12 12:00:10
610	1	24779	        	2	1	2025/11/12 12:00:13
611	1	28897	        	0	1	2025/11/12 12:00:38
612	1	29553	        	0	1	2025/11/12 12:00:45
613	1	29553	        	0	1	2025/11/12 12:00:47
614	1	28897	        	0	1	2025/11/12 12:01:00
615	1	30316	        	0	1	2025/11/12 12:01:06
616	1	29553	        	0	1	2025/11/12 12:01:15
617	1	29553	        	0	1	2025/11/12 12:01:18
618	1	24779	        	3	1	2025/11/12 12:01:35
619	1	24779	        	3	1	2025/11/12 12:01:36
620	1	28850	        	2	1	2025/11/12 12:02:21
621	1	28850	        	2	1	2025/11/12 12:02:23
622	1	29589	        	0	1	2025/11/12 12:02:25
623	1	29589	        	0	1	2025/11/12 12:02:27
624	1	28850	        	3	1	2025/11/12 12:02:42
625	1	28850	        	3	1	2025/11/12 12:02:43
626	1	30528	        	2	1	2025/11/12 12:03:09
627	1	30528	        	2	1	2025/11/12 12:03:11
628	1	30314	        	2	1	2025/11/12 12:03:22
629	1	29589	        	3	1	2025/11/12 12:03:29
630	1	29589	        	3	1	2025/11/12 12:03:31
631	1	30528	        	3	1	2025/11/12 12:04:27
632	1	30528	        	3	1	2025/11/12 12:04:28
633	1	23401	        	0	1	2025/11/12 12:04:48
634	1	30314	        	3	1	2025/11/12 12:05:00
635	1	30178	        	2	1	2025/11/12 12:05:30
636	1	30178	        	2	1	2025/11/12 12:05:33
637	1	30170	        	0	1	2025/11/12 12:06:19
638	1	30178	        	3	1	2025/11/12 12:06:55
639	1	30178	        	3	1	2025/11/12 12:06:56
640	1	30180	        	2	1	2025/11/12 12:08:12
641	1	30180	        	2	1	2025/11/12 12:08:13
642	1	30180	        	3	1	2025/11/12 12:08:25
643	1	30180	        	3	1	2025/11/12 12:08:27
644	1	28952	        	2	1	2025/11/12 12:08:43
645	1	28952	        	2	1	2025/11/12 12:08:44
646	1	30734	        	2	1	2025/11/12 12:08:53
647	1	30736	        	0	1	2025/11/12 12:09:30
648	1	30736	        	0	1	2025/11/12 12:09:31
649	1	30734	        	0	1	2025/11/12 12:10:05
650	1	28928	        	2	1	2025/11/12 12:10:39
651	1	28928	        	0	1	2025/11/12 12:11:11
652	1	28928	        	0	1	2025/11/12 12:11:12
653	1	28952	        	3	1	2025/11/12 12:11:29
654	1	28952	        	3	1	2025/11/12 12:11:31
655	1	29588	        	2	1	2025/11/12 12:11:49
656	1	29588	        	2	1	2025/11/12 12:11:51
657	1	30733	        	0	1	2025/11/12 12:12:00
658	1	30733	        	0	1	2025/11/12 12:12:02
659	1	29588	        	3	1	2025/11/12 12:12:11
660	1	29588	        	3	1	2025/11/12 12:12:13
661	1	30733	        	0	1	2025/11/12 12:12:16
662	1	30733	        	0	1	2025/11/12 12:12:17
663	1	30733	        	0	1	2025/11/12 12:12:20
664	1	30735	        	2	1	2025/11/12 12:15:48
665	1	30735	        	2	1	2025/11/12 12:15:49
666	1	30735	        	2	1	2025/11/12 12:15:51
667	1	30735	        	3	1	2025/11/12 12:16:32
668	1	30735	        	3	1	2025/11/12 12:16:34
669	1	30732	        	6	1	2025/11/12 12:17:47
670	1	29553	        	4	1	2025/11/12 16:21:49
671	1	29553	        	4	1	2025/11/12 16:21:50
672	1	30724	        	0	1	2025/11/12 16:57:11
673	1	30724	        	4	1	2025/11/12 16:57:19
674	1	28850	        	0	1	2025/11/12 16:59:35
675	1	29589	        	4	1	2025/11/12 16:59:47
676	1	29589	        	4	1	2025/11/12 16:59:48
677	1	30528	        	4	1	2025/11/12 17:00:12
678	1	30528	        	0	1	2025/11/12 17:00:16
679	1	28952	        	0	1	2025/11/12 17:00:31
680	1	28952	        	0	1	2025/11/12 17:00:33
681	1	30735	        	4	1	2025/11/12 17:00:41
682	1	30735	        	4	1	2025/11/12 17:00:43
683	1	30736	        	6	1	2025/11/12 17:00:49
684	1	30736	        	6	1	2025/11/12 17:00:51
685	1	30736	        	6	1	2025/11/12 17:00:52
686	1	30734	        	0	1	2025/11/12 17:01:29
687	1	30170	        	0	1	2025/11/12 17:01:34
688	1	23410	        	0	1	2025/11/12 17:01:58
689	1	23410	        	0	1	2025/11/12 17:02:00
690	1	28897	        	4	1	2025/11/12 17:02:27
691	1	24779	        	0	1	2025/11/12 17:02:34
692	1	24779	        	0	1	2025/11/12 17:02:36
693	1	24779	        	0	1	2025/11/12 17:02:37
694	1	30316	        	6	1	2025/11/12 17:03:22
695	1	30733	        	4	1	2025/11/12 17:05:05
696	1	30733	        	4	1	2025/11/12 17:05:06
697	1	29588	        	6	1	2025/11/12 17:05:27
698	1	29588	        	6	1	2025/11/12 17:05:28
699	1	30178	        	0	1	2025/11/12 17:05:52
700	1	23401	        	4	1	2025/11/12 17:07:39
701	1	30314	        	4	1	2025/11/12 17:09:42
702	1	30180	        	4	1	2025/11/12 17:10:13
703	1	30180	        	4	1	2025/11/12 17:10:15
704	1	29588	        	1	1	2025/11/13 07:38:33
705	1	29588	        	1	1	2025/11/13 07:38:35
706	1	29588	        	0	1	2025/11/13 07:38:38
707	1	30314	        	1	1	2025/11/13 07:38:48
708	1	29589	        	0	1	2025/11/13 07:38:53
709	1	29589	        	0	1	2025/11/13 07:38:55
710	1	28952	        	1	1	2025/11/13 07:39:28
711	1	28952	        	1	1	2025/11/13 07:39:29
712	1	30733	        	1	1	2025/11/13 07:43:23
713	1	30733	        	1	1	2025/11/13 07:43:25
714	1	28850	        	1	1	2025/11/13 07:44:01
715	1	28850	        	0	1	2025/11/13 07:44:03
716	1	28850	        	0	1	2025/11/13 07:44:16
717	1	30734	        	1	1	2025/11/13 07:44:46
718	1	30528	        	1	1	2025/11/13 07:45:05
719	1	30528	        	1	1	2025/11/13 07:45:07
720	1	23410	        	0	1	2025/11/13 07:45:10
721	1	30316	        	1	1	2025/11/13 07:49:11
722	1	30316	        	1	1	2025/11/13 07:49:14
723	1	30316	        	0	1	2025/11/13 07:49:16
724	1	30736	        	1	1	2025/11/13 07:50:14
725	1	30736	        	1	1	2025/11/13 07:50:15
726	1	30732	        	3	1	2025/11/13 07:50:44
727	1	28928	        	1	1	2025/11/13 07:55:08
728	1	30180	        	1	1	2025/11/13 07:55:19
729	1	28897	        	1	1	2025/11/13 07:57:50
730	1	30170	        	0	1	2025/11/13 07:58:02
731	1	30178	        	1	1	2025/11/13 07:59:08
732	1	30178	        	1	1	2025/11/13 07:59:10
733	1	30724	        	1	1	2025/11/13 08:06:30
734	1	28952	        	2	1	2025/11/13 12:00:13
735	1	28952	        	2	1	2025/11/13 12:00:15
736	1	28952	        	2	1	2025/11/13 12:00:17
737	1	30736	        	0	1	2025/11/13 12:00:39
738	1	30736	        	2	1	2025/11/13 12:00:46
739	1	30736	        	2	1	2025/11/13 12:00:48
740	1	28850	        	2	1	2025/11/13 12:00:55
741	1	28850	        	2	1	2025/11/13 12:00:57
742	1	30528	        	2	1	2025/11/13 12:01:24
743	1	30528	        	2	1	2025/11/13 12:01:26
744	1	30736	        	3	1	2025/11/13 12:01:35
745	1	30736	        	3	1	2025/11/13 12:01:37
746	1	30736	        	3	1	2025/11/13 12:01:38
747	1	28850	        	3	1	2025/11/13 12:01:47
748	1	29589	        	2	1	2025/11/13 12:02:05
749	1	29589	        	2	1	2025/11/13 12:02:06
750	1	30724	        	2	1	2025/11/13 12:02:22
751	1	30734	        	2	1	2025/11/13 12:02:29
752	1	30528	        	3	1	2025/11/13 12:02:42
753	1	30528	        	3	1	2025/11/13 12:02:43
754	1	29589	        	0	1	2025/11/13 12:02:46
755	1	29589	        	0	1	2025/11/13 12:02:48
756	1	29589	        	0	1	2025/11/13 12:02:50
757	1	30724	        	3	1	2025/11/13 12:03:01
758	1	29588	        	2	1	2025/11/13 12:03:10
759	1	29588	        	2	1	2025/11/13 12:03:12
760	1	29588	        	3	1	2025/11/13 12:03:20
761	1	29588	        	3	1	2025/11/13 12:03:21
762	1	30733	        	2	1	2025/11/13 12:03:31
763	1	30733	        	2	1	2025/11/13 12:03:33
764	1	30316	        	0	1	2025/11/13 12:03:39
765	1	30733	        	3	1	2025/11/13 12:04:50
766	1	30733	        	3	1	2025/11/13 12:04:52
767	1	24779	        	2	1	2025/11/13 12:05:14
768	1	24779	        	2	1	2025/11/13 12:05:15
769	1	24779	        	2	1	2025/11/13 12:05:17
770	1	24779	        	3	1	2025/11/13 12:05:38
771	1	24779	        	3	1	2025/11/13 12:05:39
772	1	24779	        	3	1	2025/11/13 12:05:41
773	1	28952	        	3	1	2025/11/13 12:05:52
774	1	28952	        	3	1	2025/11/13 12:05:53
775	1	28928	        	2	1	2025/11/13 12:06:35
776	1	28928	        	2	1	2025/11/13 12:06:37
777	1	28928	        	3	1	2025/11/13 12:06:47
778	1	28928	        	3	1	2025/11/13 12:06:49
779	1	30314	        	2	1	2025/11/13 12:08:02
780	1	30314	        	3	1	2025/11/13 12:09:33
781	1	30178	        	2	1	2025/11/13 12:11:47
782	1	30178	        	2	1	2025/11/13 12:11:49
783	1	30180	        	2	1	2025/11/13 12:11:54
784	1	30180	        	2	1	2025/11/13 12:11:56
785	1	30180	        	3	1	2025/11/13 12:12:35
786	1	30180	        	3	1	2025/11/13 12:12:37
787	1	30178	        	3	1	2025/11/13 12:12:48
788	1	30178	        	3	1	2025/11/13 12:12:49
789	1	28897	        	0	1	2025/11/13 12:14:25
790	1	28897	        	3	1	2025/11/13 12:14:41
791	1	30170	        	2	1	2025/11/13 12:21:35
792	1	30170	        	3	1	2025/11/13 12:21:46
793	1	23401	        	0	1	2025/11/13 12:24:25
794	1	2	        	0	1	2025/11/13 14:12:04
795	1	30724	        	4	1	2025/11/13 16:58:05
796	1	23410	        	4	1	2025/11/13 16:58:19
797	1	29589	        	4	1	2025/11/13 16:59:23
798	1	29589	        	4	1	2025/11/13 16:59:25
799	1	28850	        	4	1	2025/11/13 16:59:27
800	1	28850	        	0	1	2025/11/13 16:59:29
801	1	28952	        	0	1	2025/11/13 16:59:36
802	1	28952	        	0	1	2025/11/13 16:59:38
803	1	30736	        	6	1	2025/11/13 17:00:14
804	1	30734	        	6	1	2025/11/13 17:00:18
805	1	30180	        	4	1	2025/11/13 17:03:53
806	1	30316	        	0	1	2025/11/13 17:05:56
807	1	30316	        	0	1	2025/11/13 17:05:59
808	1	30178	        	4	1	2025/11/13 17:06:37
809	1	30178	        	0	1	2025/11/13 17:06:42
810	1	28897	        	4	1	2025/11/13 17:07:10
811	1	23401	        	4	1	2025/11/13 17:08:55
812	1	30314	        	0	1	2025/11/13 17:09:02
813	1	30314	        	0	1	2025/11/13 17:09:18
814	1	24779	        	4	1	2025/11/13 17:12:02
815	1	24779	        	4	1	2025/11/13 17:12:04
816	1	30170	        	4	1	2025/11/13 17:13:50
817	1	30733	        	4	1	2025/11/13 17:21:54
818	1	30733	        	4	1	2025/11/13 17:21:56
819	1	29588	        	6	1	2025/11/13 17:32:55
820	1	29588	        	6	1	2025/11/13 17:32:56
821	1	28928	        	6	1	2025/11/13 17:59:34
822	1	28928	        	4	1	2025/11/13 17:59:39
823	1	24779	        	1	1	2025/11/14 06:46:19
824	1	24779	        	1	1	2025/11/14 06:46:21
825	1	30732	        	3	1	2025/11/14 07:35:23
826	1	28952	        	1	1	2025/11/14 07:40:19
827	1	28952	        	1	1	2025/11/14 07:40:21
828	1	30733	        	1	1	2025/11/14 07:40:52
829	1	30733	        	1	1	2025/11/14 07:40:54
830	1	30733	        	1	1	2025/11/14 07:41:15
831	1	30733	        	1	1	2025/11/14 07:41:17
832	1	28850	        	1	1	2025/11/14 07:41:56
833	1	28850	        	0	1	2025/11/14 07:42:00
834	1	30528	        	1	1	2025/11/14 07:44:31
835	1	30528	        	1	1	2025/11/14 07:44:33
836	1	29588	        	1	1	2025/11/14 07:45:24
837	1	29588	        	1	1	2025/11/14 07:45:26
838	1	30734	        	1	1	2025/11/14 07:50:25
839	1	30314	        	1	1	2025/11/14 07:50:52
840	1	30180	        	1	1	2025/11/14 07:51:02
841	1	30316	        	0	1	2025/11/14 07:55:49
842	1	30170	        	0	1	2025/11/14 07:57:57
843	1	23410	        	0	1	2025/11/14 07:58:10
844	1	30178	        	1	1	2025/11/14 08:00:12
845	1	30178	        	1	1	2025/11/14 08:00:13
846	1	30736	        	0	1	2025/11/14 08:00:47
847	1	30728	        	1	1	2025/11/14 08:05:47
848	1	30735	        	1	1	2025/11/14 08:33:00
849	1	30735	        	1	1	2025/11/14 08:33:02
850	1	30724	        	1	1	2025/11/14 08:33:39
851	1	29589	        	1	1	2025/11/14 08:55:38
852	1	29589	        	1	1	2025/11/14 08:55:40
853	1	1951	        	0	1	2025/11/14 11:49:07
854	1	28952	        	0	1	2025/11/14 12:00:02
855	1	28952	        	0	1	2025/11/14 12:00:04
856	1	23410	        	0	1	2025/11/14 12:00:09
857	1	30528	        	2	1	2025/11/14 12:01:20
858	1	30528	        	2	1	2025/11/14 12:01:22
859	1	24779	        	0	1	2025/11/14 12:01:40
860	1	24779	        	2	1	2025/11/14 12:01:53
861	1	30528	        	3	1	2025/11/14 12:02:10
862	1	30528	        	3	1	2025/11/14 12:02:11
863	1	30728	        	2	1	2025/11/14 12:02:18
864	1	24779	        	0	1	2025/11/14 12:02:29
865	1	24779	        	3	1	2025/11/14 12:02:43
866	1	24779	        	3	1	2025/11/14 12:02:44
867	1	30735	        	2	1	2025/11/14 12:02:54
868	1	30735	        	2	1	2025/11/14 12:02:56
869	1	30728	        	3	1	2025/11/14 12:03:03
870	1	30728	        	3	1	2025/11/14 12:03:05
871	1	30728	        	3	1	2025/11/14 12:03:06
872	1	30316	        	0	1	2025/11/14 12:03:26
873	1	30735	        	3	1	2025/11/14 12:03:47
874	1	30735	        	3	1	2025/11/14 12:03:48
875	1	30180	        	2	1	2025/11/14 12:05:05
876	1	30180	        	2	1	2025/11/14 12:05:07
877	1	30178	        	2	1	2025/11/14 12:05:18
878	1	30178	        	2	1	2025/11/14 12:05:20
879	1	28897	        	2	1	2025/11/14 12:05:34
880	1	30724	        	0	1	2025/11/14 12:05:46
881	1	30180	        	3	1	2025/11/14 12:06:06
882	1	30178	        	3	1	2025/11/14 12:06:25
883	1	30178	        	3	1	2025/11/14 12:06:28
884	1	30724	        	3	1	2025/11/14 12:06:33
885	1	28952	        	3	1	2025/11/14 12:06:43
886	1	28952	        	3	1	2025/11/14 12:06:45
887	1	30170	        	2	1	2025/11/14 12:06:53
888	1	30170	        	0	1	2025/11/14 12:07:08
889	1	30733	        	2	1	2025/11/14 12:07:56
890	1	30733	        	2	1	2025/11/14 12:07:58
891	1	29588	        	2	1	2025/11/14 12:08:13
892	1	29588	        	2	1	2025/11/14 12:08:15
893	1	29588	        	3	1	2025/11/14 12:08:23
894	1	30314	        	0	1	2025/11/14 12:09:06
895	1	30733	        	3	1	2025/11/14 12:09:19
896	1	30733	        	3	1	2025/11/14 12:09:20
897	1	30314	        	3	1	2025/11/14 12:09:37
898	1	29589	        	2	1	2025/11/14 12:09:50
899	1	29589	        	2	1	2025/11/14 12:09:51
900	1	29589	        	3	1	2025/11/14 12:10:29
901	1	29589	        	3	1	2025/11/14 12:10:31
902	1	30736	        	0	1	2025/11/14 12:15:13
903	1	30736	        	0	1	2025/11/14 12:15:14
904	1	30736	        	5	1	2025/11/14 12:17:00
905	1	30736	        	5	1	2025/11/14 12:17:01
906	1	28850	        	2	1	2025/11/14 12:31:10
907	1	28850	        	0	1	2025/11/14 12:31:15
908	1	28850	        	3	1	2025/11/14 12:31:30
909	1	28850	        	3	1	2025/11/14 12:31:31
910	1	1951	        	0	1	2025/11/14 14:24:23
911	1	1951	        	0	1	2025/11/14 14:24:24
912	1	1951	        	0	1	2025/11/14 14:24:32
913	1	30528	        	0	1	2025/11/14 17:00:05
914	1	30528	        	0	1	2025/11/14 17:00:07
915	1	28928	        	4	1	2025/11/14 17:00:13
916	1	28928	        	4	1	2025/11/14 17:00:15
917	1	28928	        	4	1	2025/11/14 17:00:16
918	1	29589	        	0	1	2025/11/14 17:00:18
919	1	29589	        	0	1	2025/11/14 17:00:20
920	1	30735	        	4	1	2025/11/14 17:00:33
921	1	30724	        	4	1	2025/11/14 17:00:47
922	1	30728	        	0	1	2025/11/14 17:00:57
923	1	30736	        	6	1	2025/11/14 17:01:02
924	1	30736	        	6	1	2025/11/14 17:01:04
925	1	30734	        	4	1	2025/11/14 17:01:48
926	1	28850	        	4	1	2025/11/14 17:02:00
927	1	28850	        	4	1	2025/11/14 17:02:02
928	1	28952	        	4	1	2025/11/14 17:02:12
929	1	28952	        	4	1	2025/11/14 17:02:14
930	1	30180	        	4	1	2025/11/14 17:02:37
931	1	30180	        	4	1	2025/11/14 17:02:39
932	1	30316	        	0	1	2025/11/14 17:03:14
933	1	24779	        	0	1	2025/11/14 17:04:01
934	1	24779	        	0	1	2025/11/14 17:04:03
935	1	30314	        	0	1	2025/11/14 17:08:05
936	1	28897	        	0	1	2025/11/14 17:11:30
937	1	30178	        	4	1	2025/11/14 17:28:48
938	1	30178	        	4	1	2025/11/14 17:28:50
939	1	30733	        	4	1	2025/11/14 17:37:29
940	1	30733	        	4	1	2025/11/14 17:37:31
941	1	29588	        	6	1	2025/11/14 17:40:52
942	1	29588	        	6	1	2025/11/14 17:40:54
943	1	30314	        	1	1	2025/11/17 07:16:52
944	1	30736	        	1	1	2025/11/17 07:20:44
945	1	30736	        	1	1	2025/11/17 07:20:45
946	1	30180	        	1	1	2025/11/17 07:33:43
947	1	30180	        	1	1	2025/11/17 07:33:45
948	1	30724	        	1	1	2025/11/17 07:37:28
949	1	29588	        	1	1	2025/11/17 07:37:46
950	1	29588	        	1	1	2025/11/17 07:37:48
951	1	28952	        	1	1	2025/11/17 07:38:26
952	1	28952	        	1	1	2025/11/17 07:38:28
953	1	28850	        	0	1	2025/11/17 07:40:46
954	1	30528	        	1	1	2025/11/17 07:42:47
955	1	30528	        	1	1	2025/11/17 07:42:48
956	1	30728	        	1	1	2025/11/17 07:44:37
957	1	30728	        	1	1	2025/11/17 07:44:39
958	1	30170	        	0	1	2025/11/17 07:45:49
959	1	30733	        	1	1	2025/11/17 07:46:50
960	1	30733	        	1	1	2025/11/17 07:46:51
961	1	28897	        	1	1	2025/11/17 07:58:26
962	1	29589	        	1	1	2025/11/17 08:08:52
963	1	29589	        	1	1	2025/11/17 08:08:53
964	1	30734	        	1	1	2025/11/17 08:37:14
965	1	28850	        	2	1	2025/11/17 12:00:53
966	1	28850	        	2	1	2025/11/17 12:00:54
967	1	30316	        	2	1	2025/11/17 12:00:56
968	1	30728	        	2	1	2025/11/17 12:01:05
969	1	30728	        	2	1	2025/11/17 12:01:07
970	1	23410	        	0	1	2025/11/17 12:01:12
971	1	30316	        	4	1	2025/11/17 12:01:26
972	1	28850	        	3	1	2025/11/17 12:01:47
973	1	28850	        	3	1	2025/11/17 12:01:49
974	1	30728	        	3	1	2025/11/17 12:01:57
975	1	30724	        	2	1	2025/11/17 12:03:33
976	1	30734	        	2	1	2025/11/17 12:03:56
977	1	30734	        	3	1	2025/11/17 12:04:10
978	1	30724	        	3	1	2025/11/17 12:04:18
979	1	24779	        	2	1	2025/11/17 12:04:34
980	1	24779	        	2	1	2025/11/17 12:04:36
981	1	24779	        	2	1	2025/11/17 12:04:38
982	1	24779	        	0	1	2025/11/17 12:04:39
983	1	24779	        	0	1	2025/11/17 12:04:41
984	1	24779	        	0	1	2025/11/17 12:04:43
985	1	24779	        	3	1	2025/11/17 12:04:57
986	1	24779	        	3	1	2025/11/17 12:04:58
987	1	30170	        	2	1	2025/11/17 12:05:39
988	1	30170	        	3	1	2025/11/17 12:05:49
989	1	30735	        	2	1	2025/11/17 12:06:58
990	1	30735	        	2	1	2025/11/17 12:07:00
991	1	29589	        	2	1	2025/11/17 12:07:22
992	1	30528	        	2	1	2025/11/17 12:07:34
993	1	30528	        	2	1	2025/11/17 12:07:36
994	1	30735	        	3	1	2025/11/17 12:08:31
995	1	30735	        	3	1	2025/11/17 12:08:32
996	1	30528	        	3	1	2025/11/17 12:09:04
997	1	30528	        	0	1	2025/11/17 12:09:06
998	1	30180	        	0	1	2025/11/17 12:09:25
999	1	28897	        	0	1	2025/11/17 12:09:28
1000	1	29589	        	3	1	2025/11/17 12:09:46
1001	1	29589	        	3	1	2025/11/17 12:09:47
1002	1	30733	        	2	1	2025/11/17 12:09:53
1003	1	30733	        	2	1	2025/11/17 12:09:55
1004	1	29588	        	0	1	2025/11/17 12:09:57
1005	1	29588	        	0	1	2025/11/17 12:09:59
1006	1	29588	        	3	1	2025/11/17 12:10:04
1007	1	29588	        	3	1	2025/11/17 12:10:06
1008	1	30733	        	3	1	2025/11/17 12:10:12
1009	1	30733	        	3	1	2025/11/17 12:10:13
1010	1	30724	        	3	1	2025/11/17 12:10:22
1011	1	30180	        	0	1	2025/11/17 12:10:26
1012	1	30180	        	0	1	2025/11/17 12:10:31
1013	1	30314	        	2	1	2025/11/17 12:11:30
1014	1	30736	        	2	1	2025/11/17 12:12:06
1015	1	30314	        	3	1	2025/11/17 12:12:25
1016	1	30736	        	3	1	2025/11/17 12:12:51
1017	1	30736	        	0	1	2025/11/17 12:12:56
1018	1	30178	        	2	1	2025/11/17 12:15:15
1019	1	30178	        	2	1	2025/11/17 12:15:17
1020	1	30178	        	3	1	2025/11/17 12:16:29
1021	1	30178	        	3	1	2025/11/17 12:16:32
1022	1	23401	        	0	1	2025/11/17 12:31:21
1023	1	28952	        	2	1	2025/11/17 12:37:10
1024	1	28952	        	2	1	2025/11/17 12:37:12
1025	1	30724	        	4	1	2025/11/17 16:58:49
1026	1	24779	        	0	1	2025/11/17 16:58:56
1027	1	24779	        	0	1	2025/11/17 16:58:58
1028	1	30734	        	2	1	2025/11/17 16:59:49
1029	1	30734	        	6	1	2025/11/17 16:59:56
1030	1	28952	        	4	1	2025/11/17 17:00:08
1031	1	28952	        	4	1	2025/11/17 17:00:10
1032	1	28952	        	4	1	2025/11/17 17:00:11
1033	1	28850	        	0	1	2025/11/17 17:00:13
1034	1	28850	        	0	1	2025/11/17 17:00:15
1035	1	30728	        	4	1	2025/11/17 17:00:39
1036	1	30528	        	4	1	2025/11/17 17:00:56
1037	1	30528	        	4	1	2025/11/17 17:00:58
1038	1	30736	        	0	1	2025/11/17 17:01:13
1039	1	23410	        	0	1	2025/11/17 17:01:20
1040	1	30180	        	4	1	2025/11/17 17:02:49
1041	1	30180	        	4	1	2025/11/17 17:02:51
1042	1	28897	        	4	1	2025/11/17 17:03:05
1043	1	23401	        	4	1	2025/11/17 17:05:13
1044	1	30316	        	4	1	2025/11/17 17:05:15
1045	1	30314	        	4	1	2025/11/17 17:07:33
1046	1	29589	        	4	1	2025/11/17 17:11:49
1047	1	29589	        	4	1	2025/11/17 17:11:51
1048	1	28928	        	4	1	2025/11/17 17:13:19
1049	1	28928	        	4	1	2025/11/17 17:13:20
1050	1	30733	        	4	1	2025/11/17 17:17:56
1051	1	30733	        	4	1	2025/11/17 17:17:58
1052	1	30178	        	4	1	2025/11/17 17:18:23
1053	1	30178	        	4	1	2025/11/17 17:18:25
1054	1	29553	        	3	1	2025/11/17 17:24:23
1055	1	29553	        	3	1	2025/11/17 17:24:25
1056	1	29588	        	6	1	2025/11/17 17:30:24
1057	1	29588	        	6	1	2025/11/17 17:30:26
1058	1	29553	        	3	1	2025/11/18 04:35:55
1059	1	29553	        	0	1	2025/11/18 04:35:57
1060	1	29553	        	0	1	2025/11/18 04:35:59
1061	1	24779	        	1	1	2025/11/18 07:04:49
1062	1	24779	        	1	1	2025/11/18 07:04:51
1063	1	29588	        	1	1	2025/11/18 07:31:41
1064	1	29588	        	1	1	2025/11/18 07:31:43
1065	1	30733	        	1	1	2025/11/18 07:37:12
1066	1	30733	        	1	1	2025/11/18 07:37:14
1067	1	30180	        	1	1	2025/11/18 07:37:30
1068	1	30180	        	1	1	2025/11/18 07:37:31
1069	1	28952	        	1	1	2025/11/18 07:38:30
1070	1	28952	        	1	1	2025/11/18 07:38:32
1071	1	30736	        	0	1	2025/11/18 07:39:44
1072	1	30736	        	1	1	2025/11/18 07:39:49
1073	1	28850	        	1	1	2025/11/18 07:45:54
1074	1	28850	        	0	1	2025/11/18 07:45:59
1075	1	30528	        	1	1	2025/11/18 07:46:12
1076	1	30528	        	1	1	2025/11/18 07:46:14
1077	1	30170	        	1	1	2025/11/18 07:47:01
1078	1	30735	        	1	1	2025/11/18 07:52:14
1079	1	30735	        	1	1	2025/11/18 07:52:16
1080	1	30314	        	1	1	2025/11/18 07:52:53
1081	1	30316	        	0	1	2025/11/18 07:57:03
1082	1	30316	        	0	1	2025/11/18 07:57:06
1083	1	30178	        	1	1	2025/11/18 08:00:06
1084	1	30178	        	1	1	2025/11/18 08:00:07
1085	1	30728	        	1	1	2025/11/18 08:02:03
1086	1	28928	        	0	1	2025/11/18 08:02:16
1087	1	28928	        	0	1	2025/11/18 08:02:19
1088	1	30724	        	1	1	2025/11/18 08:13:44
1089	1	30734	        	0	1	2025/11/18 08:20:58
1090	1	29589	        	1	1	2025/11/18 08:30:06
1091	1	29589	        	1	1	2025/11/18 08:30:08
1092	1	28850	        	2	1	2025/11/18 12:00:51
1093	1	28850	        	2	1	2025/11/18 12:00:53
1094	1	24779	        	0	1	2025/11/18 12:00:56
1095	1	24779	        	0	1	2025/11/18 12:00:57
1096	1	30736	        	2	1	2025/11/18 12:01:22
1097	1	30736	        	2	1	2025/11/18 12:01:24
1098	1	24779	        	3	1	2025/11/18 12:01:40
1099	1	24779	        	3	1	2025/11/18 12:01:41
1100	1	28850	        	3	1	2025/11/18 12:01:51
1101	1	28850	        	3	1	2025/11/18 12:01:54
1102	1	30734	        	2	1	2025/11/18 12:02:18
1103	1	30734	        	3	1	2025/11/18 12:02:47
1104	1	29589	        	2	1	2025/11/18 12:03:15
1105	1	29589	        	2	1	2025/11/18 12:03:17
1106	1	30728	        	2	1	2025/11/18 12:03:42
1107	1	30728	        	2	1	2025/11/18 12:03:44
1108	1	30316	        	0	1	2025/11/18 12:04:09
1109	1	23410	        	0	1	2025/11/18 12:04:12
1110	1	30728	        	3	1	2025/11/18 12:04:30
1111	1	30728	        	3	1	2025/11/18 12:04:31
1112	1	23401	        	3	1	2025/11/18 12:05:45
1113	1	30314	        	2	1	2025/11/18 12:06:00
1114	1	30314	        	3	1	2025/11/18 12:06:28
1115	1	30724	        	2	1	2025/11/18 12:07:14
1116	1	30528	        	0	1	2025/11/18 12:07:54
1117	1	30528	        	0	1	2025/11/18 12:07:56
1118	1	30180	        	2	1	2025/11/18 12:08:27
1119	1	30528	        	3	1	2025/11/18 12:08:34
1120	1	30735	        	2	1	2025/11/18 12:09:11
1121	1	28897	        	2	1	2025/11/18 12:09:25
1122	1	30180	        	3	1	2025/11/18 12:09:46
1123	1	30180	        	3	1	2025/11/18 12:09:48
1124	1	28928	        	2	1	2025/11/18 12:10:02
1125	1	28928	        	2	1	2025/11/18 12:10:04
1126	1	28897	        	3	1	2025/11/18 12:10:18
1127	1	30735	        	3	1	2025/11/18 12:10:37
1128	1	30178	        	2	1	2025/11/18 12:10:58
1129	1	30178	        	2	1	2025/11/18 12:11:00
1130	1	30178	        	3	1	2025/11/18 12:11:26
1131	1	30178	        	3	1	2025/11/18 12:11:28
1132	1	30170	        	2	1	2025/11/18 12:12:51
1133	1	30170	        	0	1	2025/11/18 12:13:33
1134	1	28952	        	2	1	2025/11/18 12:14:38
1135	1	28952	        	2	1	2025/11/18 12:14:40
1136	1	28952	        	3	1	2025/11/18 12:16:23
1137	1	28952	        	3	1	2025/11/18 12:16:25
1138	1	29588	        	2	1	2025/11/18 12:17:12
1139	1	29588	        	2	1	2025/11/18 12:17:14
1140	1	29588	        	3	1	2025/11/18 12:17:20
1141	1	29588	        	3	1	2025/11/18 12:17:22
1142	1	30733	        	2	1	2025/11/18 12:17:54
1143	1	30733	        	0	1	2025/11/18 12:17:56
1144	1	30733	        	3	1	2025/11/18 12:18:32
1145	1	30733	        	3	1	2025/11/18 12:18:33
1146	1	30724	        	4	1	2025/11/18 16:54:16
1147	1	30736	        	6	1	2025/11/18 17:00:13
1148	1	30736	        	4	1	2025/11/18 17:00:20
1149	1	30736	        	4	1	2025/11/18 17:00:22
1150	1	28952	        	0	1	2025/11/18 17:00:28
1151	1	28952	        	0	1	2025/11/18 17:00:29
1152	1	30734	        	4	1	2025/11/18 17:01:09
1153	1	30728	        	4	1	2025/11/18 17:01:31
1154	1	30728	        	4	1	2025/11/18 17:01:32
1155	1	30170	        	0	1	2025/11/18 17:02:50
1156	1	30170	        	4	1	2025/11/18 17:02:59
1157	1	30180	        	4	1	2025/11/18 17:03:01
1158	1	30180	        	4	1	2025/11/18 17:03:02
1159	1	28850	        	4	1	2025/11/18 17:03:31
1160	1	28897	        	4	1	2025/11/18 17:04:14
1161	1	30735	        	4	1	2025/11/18 17:04:52
1162	1	30735	        	4	1	2025/11/18 17:04:54
1163	1	30314	        	4	1	2025/11/18 17:08:00
1164	1	30316	        	0	1	2025/11/18 17:10:16
1165	1	29553	        	5	1	2025/11/18 17:13:57
1166	1	29553	        	5	1	2025/11/18 17:13:59
1167	1	30733	        	4	1	2025/11/18 17:24:15
1168	1	30733	        	4	1	2025/11/18 17:24:16
1169	1	30528	        	4	1	2025/11/18 17:24:32
1170	1	30528	        	4	1	2025/11/18 17:24:34
1171	1	24779	        	4	1	2025/11/18 17:25:42
1172	1	24779	        	4	1	2025/11/18 17:25:43
1173	1	29588	        	6	1	2025/11/18 17:27:09
1174	1	29588	        	6	1	2025/11/18 17:27:11
1175	1	23401	        	4	1	2025/11/18 17:33:21
1176	1	30178	        	4	1	2025/11/18 18:16:16
1177	1	30178	        	4	1	2025/11/18 18:16:18
1178	1	29553	        	0	1	2025/11/19 04:33:06
1179	1	29553	        	0	1	2025/11/19 04:33:07
1180	1	29553	        	0	1	2025/11/19 04:33:09
1181	1	29553	        	0	1	2025/11/19 04:33:10
1182	1	30314	        	0	1	2025/11/19 06:30:45
1183	1	30724	        	1	1	2025/11/19 06:30:56
1184	1	30733	        	1	1	2025/11/19 07:12:51
1185	1	30733	        	1	1	2025/11/19 07:12:53
1186	1	24779	        	0	1	2025/11/19 07:13:33
1187	1	30736	        	1	1	2025/11/19 07:25:07
1188	1	30736	        	1	1	2025/11/19 07:25:08
1189	1	30528	        	1	1	2025/11/19 07:38:11
1190	1	30528	        	1	1	2025/11/19 07:38:12
1191	1	28952	        	1	1	2025/11/19 07:38:29
1192	1	28952	        	1	1	2025/11/19 07:38:31
1193	1	30180	        	1	1	2025/11/19 07:42:52
1194	1	30180	        	1	1	2025/11/19 07:42:54
1195	1	28850	        	1	1	2025/11/19 07:44:09
1196	1	28850	        	1	1	2025/11/19 07:44:11
1197	1	30316	        	0	1	2025/11/19 07:50:43
1198	1	30170	        	0	1	2025/11/19 07:52:21
1199	1	29588	        	1	1	2025/11/19 07:52:40
1200	1	29588	        	1	1	2025/11/19 07:52:42
1201	1	30728	        	1	1	2025/11/19 07:56:39
1202	1	30728	        	1	1	2025/11/19 07:56:41
1203	1	28928	        	0	1	2025/11/19 07:56:43
1204	1	30734	        	1	1	2025/11/19 07:57:00
1205	1	30178	        	1	1	2025/11/19 07:59:38
1206	1	30178	        	1	1	2025/11/19 07:59:40
1207	1	29589	        	1	1	2025/11/19 08:12:29
1208	1	29589	        	1	1	2025/11/19 08:12:30
1209	1	29589	        	1	1	2025/11/19 08:12:32
1210	1	30735	        	1	1	2025/11/19 08:24:15
1211	1	30735	        	1	1	2025/11/19 08:24:16
1212	1	23401	        	1	1	2025/11/19 08:28:02
1213	1	30728	        	2	1	2025/11/19 12:00:10
1214	1	28850	        	2	1	2025/11/19 12:00:21
1215	1	28850	        	2	1	2025/11/19 12:00:23
1216	1	30736	        	2	1	2025/11/19 12:00:40
1217	1	30736	        	2	1	2025/11/19 12:00:42
1218	1	30728	        	3	1	2025/11/19 12:01:03
1219	1	28850	        	3	1	2025/11/19 12:01:17
1220	1	28850	        	3	1	2025/11/19 12:01:19
1221	1	29589	        	2	1	2025/11/19 12:02:09
1222	1	29589	        	2	1	2025/11/19 12:02:11
1223	1	29589	        	3	1	2025/11/19 12:02:52
1224	1	29589	        	3	1	2025/11/19 12:02:54
1225	1	28928	        	2	1	2025/11/19 12:04:04
1226	1	28928	        	2	1	2025/11/19 12:04:05
1227	1	28928	        	3	1	2025/11/19 12:04:12
1228	1	28928	        	3	1	2025/11/19 12:04:13
1229	1	30734	        	4	1	2025/11/19 12:04:45
1230	1	24779	        	2	1	2025/11/19 12:05:22
1231	1	24779	        	2	1	2025/11/19 12:05:24
1232	1	30528	        	2	1	2025/11/19 12:05:52
1233	1	30528	        	2	1	2025/11/19 12:05:54
1234	1	30734	        	5	1	2025/11/19 12:06:47
1235	1	24779	        	3	1	2025/11/19 12:06:57
1236	1	24779	        	3	1	2025/11/19 12:06:59
1237	1	30528	        	3	1	2025/11/19 12:07:12
1238	1	30528	        	0	1	2025/11/19 12:07:17
1239	1	28952	        	2	1	2025/11/19 12:07:33
1240	1	28952	        	2	1	2025/11/19 12:07:35
1241	1	28952	        	2	1	2025/11/19 12:07:36
1242	1	28952	        	0	1	2025/11/19 12:07:51
1243	1	28952	        	0	1	2025/11/19 12:07:53
1244	1	30180	        	2	1	2025/11/19 12:08:40
1245	1	30180	        	3	1	2025/11/19 12:09:19
1246	1	30724	        	2	1	2025/11/19 12:09:47
1247	1	30724	        	3	1	2025/11/19 12:10:04
1248	1	29588	        	2	1	2025/11/19 12:10:20
1249	1	29588	        	2	1	2025/11/19 12:10:22
1250	1	29588	        	3	1	2025/11/19 12:10:38
1251	1	29588	        	3	1	2025/11/19 12:10:40
1252	1	30316	        	0	1	2025/11/19 12:12:35
1253	1	30733	        	2	1	2025/11/19 12:12:46
1254	1	30733	        	2	1	2025/11/19 12:12:47
1255	1	29553	        	3	1	2025/11/19 12:12:54
1256	1	29553	        	3	1	2025/11/19 12:12:56
1257	1	30733	        	3	1	2025/11/19 12:13:07
1258	1	30733	        	3	1	2025/11/19 12:13:08
1259	1	30314	        	0	1	2025/11/19 12:13:20
1260	1	30314	        	3	1	2025/11/19 12:13:33
1261	1	29553	        	1	1	2025/11/19 12:17:50
1262	1	29553	        	1	1	2025/11/19 12:17:51
1263	1	29553	        	0	1	2025/11/19 12:17:53
1264	1	30178	        	2	1	2025/11/19 12:34:57
1265	1	30178	        	2	1	2025/11/19 12:34:59
1266	1	30170	        	2	1	2025/11/19 12:35:15
1267	1	30178	        	3	1	2025/11/19 12:35:31
1268	1	30178	        	3	1	2025/11/19 12:35:33
1269	1	30170	        	0	1	2025/11/19 12:35:48
1270	1	30735	        	2	1	2025/11/19 12:36:00
1271	1	30735	        	2	1	2025/11/19 12:36:01
1272	1	30735	        	3	1	2025/11/19 12:37:10
1273	1	30735	        	3	1	2025/11/19 12:37:12
1274	1	24779	        	0	1	2025/11/19 16:59:20
1275	1	24779	        	0	1	2025/11/19 16:59:22
1276	1	28850	        	0	1	2025/11/19 16:59:31
1277	1	28850	        	0	1	2025/11/19 16:59:32
1278	1	29589	        	0	1	2025/11/19 16:59:34
1279	1	29589	        	0	1	2025/11/19 16:59:35
1280	1	23410	        	0	1	2025/11/19 16:59:41
1281	1	28952	        	4	1	2025/11/19 16:59:49
1282	1	28952	        	4	1	2025/11/19 16:59:51
1283	1	30728	        	4	1	2025/11/19 17:00:16
1284	1	30728	        	4	1	2025/11/19 17:00:18
1285	1	30736	        	4	1	2025/11/19 17:01:20
1286	1	30180	        	4	1	2025/11/19 17:03:26
1287	1	30180	        	4	1	2025/11/19 17:03:27
1288	1	30734	        	4	1	2025/11/19 17:03:51
1289	1	28897	        	4	1	2025/11/19 17:04:23
1290	1	30316	        	0	1	2025/11/19 17:04:32
1291	1	30735	        	4	1	2025/11/19 17:07:51
1292	1	30735	        	4	1	2025/11/19 17:07:53
1293	1	29588	        	6	1	2025/11/19 17:09:52
1294	1	29588	        	6	1	2025/11/19 17:09:54
1295	1	30314	        	4	1	2025/11/19 17:13:14
1296	1	30733	        	4	1	2025/11/19 17:27:59
1297	1	30733	        	4	1	2025/11/19 17:28:00
1298	1	30178	        	4	1	2025/11/19 17:28:37
1299	1	30178	        	4	1	2025/11/19 17:28:39
1300	1	28928	        	0	1	2025/11/19 17:32:50
1301	1	30724	        	4	1	2025/11/19 18:43:28
1302	1	30724	        	1	1	2025/11/20 06:44:52
1303	1	24779	        	1	1	2025/11/20 07:12:44
1304	1	24779	        	1	1	2025/11/20 07:12:46
1305	1	30316	        	0	1	2025/11/20 07:24:12
1306	1	30736	        	1	1	2025/11/20 07:32:30
1307	1	29588	        	1	1	2025/11/20 07:35:00
1308	1	29588	        	1	1	2025/11/20 07:35:02
1309	1	28952	        	1	1	2025/11/20 07:37:17
1310	1	28952	        	1	1	2025/11/20 07:37:19
1311	1	23401	        	1	1	2025/11/20 07:37:26
1312	1	30733	        	1	1	2025/11/20 07:39:35
1313	1	30733	        	1	1	2025/11/20 07:39:37
1314	1	30180	        	1	1	2025/11/20 07:41:54
1315	1	30180	        	1	1	2025/11/20 07:41:56
1316	1	28850	        	1	1	2025/11/20 07:42:22
1317	1	28850	        	1	1	2025/11/20 07:42:24
1318	1	28850	        	0	1	2025/11/20 07:42:26
1319	1	30314	        	1	1	2025/11/20 07:48:22
1320	1	30528	        	1	1	2025/11/20 07:49:15
1321	1	30528	        	0	1	2025/11/20 07:49:20
1322	1	30178	        	1	1	2025/11/20 07:58:35
1323	1	30178	        	1	1	2025/11/20 07:58:36
1324	1	30170	        	0	1	2025/11/20 07:58:40
1325	1	23410	        	0	1	2025/11/20 08:00:08
1326	1	30728	        	1	1	2025/11/20 08:01:26
1327	1	30734	        	1	1	2025/11/20 08:04:57
1328	1	30735	        	1	1	2025/11/20 08:26:16
1329	1	30735	        	1	1	2025/11/20 08:26:17
1330	1	29589	        	1	1	2025/11/20 08:42:06
1331	1	29589	        	1	1	2025/11/20 08:42:08
1332	1	24779	        	0	1	2025/11/20 12:00:04
1333	1	24779	        	0	1	2025/11/20 12:00:06
1334	1	30316	        	0	1	2025/11/20 12:00:09
1335	1	30736	        	2	1	2025/11/20 12:00:29
1336	1	30728	        	0	1	2025/11/20 12:00:34
1337	1	24779	        	3	1	2025/11/20 12:00:54
1338	1	24779	        	3	1	2025/11/20 12:00:56
1339	1	30316	        	0	1	2025/11/20 12:00:58
1340	1	30528	        	2	1	2025/11/20 12:01:08
1341	1	30528	        	2	1	2025/11/20 12:01:10
1342	1	30724	        	2	1	2025/11/20 12:01:30
1343	1	30734	        	0	1	2025/11/20 12:01:36
1344	1	30528	        	3	1	2025/11/20 12:02:07
1345	1	30728	        	3	1	2025/11/20 12:02:27
1346	1	30724	        	3	1	2025/11/20 12:02:44
1347	1	30734	        	0	1	2025/11/20 12:02:52
1348	1	23410	        	0	1	2025/11/20 12:03:20
1349	1	29553	        	3	1	2025/11/20 12:05:09
1350	1	29553	        	3	1	2025/11/20 12:05:11
1351	1	28850	        	2	1	2025/11/20 12:05:19
1352	1	28850	        	2	1	2025/11/20 12:05:21
1353	1	29589	        	2	1	2025/11/20 12:05:28
1354	1	29589	        	2	1	2025/11/20 12:05:29
1355	1	29589	        	2	1	2025/11/20 12:05:30
1356	1	29553	        	6	1	2025/11/20 12:05:46
1357	1	29553	        	6	1	2025/11/20 12:05:49
1358	1	29553	        	0	1	2025/11/20 12:05:50
1359	1	28850	        	3	1	2025/11/20 12:06:18
1360	1	28850	        	3	1	2025/11/20 12:06:20
1361	1	28850	        	0	1	2025/11/20 12:06:22
1362	1	29589	        	0	1	2025/11/20 12:06:23
1363	1	29589	        	0	1	2025/11/20 12:06:25
1364	1	30314	        	0	1	2025/11/20 12:08:30
1365	1	30170	        	2	1	2025/11/20 12:09:15
1366	1	29588	        	2	1	2025/11/20 12:09:24
1367	1	29588	        	2	1	2025/11/20 12:09:26
1368	1	30733	        	2	1	2025/11/20 12:09:27
1369	1	30733	        	0	1	2025/11/20 12:09:30
1370	1	30314	        	0	1	2025/11/20 12:09:56
1371	1	30170	        	3	1	2025/11/20 12:10:13
1372	1	29588	        	3	1	2025/11/20 12:10:37
1373	1	29588	        	3	1	2025/11/20 12:10:38
1374	1	30733	        	0	1	2025/11/20 12:10:41
1375	1	28952	        	2	1	2025/11/20 12:11:30
1376	1	28952	        	2	1	2025/11/20 12:11:33
1377	1	28952	        	3	1	2025/11/20 12:13:55
1378	1	28952	        	3	1	2025/11/20 12:13:56
1379	1	30178	        	2	1	2025/11/20 12:14:27
1380	1	30178	        	2	1	2025/11/20 12:14:29
1381	1	30735	        	2	1	2025/11/20 12:25:19
1382	1	30735	        	2	1	2025/11/20 12:25:20
1383	1	30735	        	2	1	2025/11/20 12:25:21
1384	1	30735	        	3	1	2025/11/20 12:26:28
1385	1	30735	        	3	1	2025/11/20 12:26:29
1386	1	30735	        	3	1	2025/11/20 12:26:30
1387	1	30180	        	2	1	2025/11/20 12:29:50
1388	1	30180	        	3	1	2025/11/20 12:30:26
1389	1	30734	        	4	1	2025/11/20 14:16:01
1390	1	28952	        	0	1	2025/11/20 16:59:34
1391	1	28952	        	0	1	2025/11/20 16:59:36
1392	1	24779	        	0	1	2025/11/20 16:59:52
1393	1	30728	        	0	1	2025/11/20 17:00:00
1394	1	30724	        	4	1	2025/11/20 17:00:48
1395	1	30180	        	4	1	2025/11/20 17:04:33
1396	1	30314	        	4	1	2025/11/20 17:08:06
1397	1	30316	        	0	1	2025/11/20 17:10:20
1398	1	30733	        	4	1	2025/11/20 17:11:37
1399	1	30733	        	4	1	2025/11/20 17:11:39
1400	1	29553	        	6	1	2025/11/20 17:28:56
1401	1	29553	        	6	1	2025/11/20 17:28:57
1402	1	29553	        	0	1	2025/11/20 17:29:00
1403	1	30178	        	4	1	2025/11/20 17:33:25
1404	1	30178	        	4	1	2025/11/20 17:33:27
1405	1	23401	        	0	1	2025/11/20 17:34:07
1406	1	29588	        	6	1	2025/11/20 18:24:13
1407	1	29588	        	6	1	2025/11/20 18:24:15
1408	1	30735	        	4	1	2025/11/20 18:42:34
1409	1	30735	        	4	1	2025/11/20 18:42:36
1410	1	30735	        	4	1	2025/11/20 18:42:37
1411	1	29589	        	4	1	2025/11/20 19:24:53
1412	1	29589	        	4	1	2025/11/20 19:24:55
1413	1	29553	        	3	1	2025/11/21 04:42:09
1414	1	29553	        	3	1	2025/11/21 04:42:11
1415	1	30724	        	1	1	2025/11/21 06:28:14
1416	1	24779	        	1	1	2025/11/21 06:50:29
1417	1	24779	        	1	1	2025/11/21 06:50:30
1418	1	30733	        	1	1	2025/11/21 07:37:40
1419	1	30733	        	1	1	2025/11/21 07:37:42
1420	1	28952	        	1	1	2025/11/21 07:38:43
1421	1	28952	        	1	1	2025/11/21 07:38:45
1422	1	28850	        	0	1	2025/11/21 07:43:43
1423	1	28850	        	0	1	2025/11/21 07:43:44
1424	1	30316	        	0	1	2025/11/21 07:44:53
1425	1	30736	        	1	1	2025/11/21 07:45:18
1426	1	30528	        	1	1	2025/11/21 07:46:05
1427	1	30528	        	1	1	2025/11/21 07:46:07
1428	1	30314	        	1	1	2025/11/21 07:46:26
1429	1	30180	        	1	1	2025/11/21 07:53:59
1430	1	30170	        	0	1	2025/11/21 08:01:09
1431	1	28928	        	1	1	2025/11/21 08:01:28
1432	1	30728	        	0	1	2025/11/21 08:01:31
1433	1	30728	        	0	1	2025/11/21 08:01:32
1434	1	30178	        	1	1	2025/11/21 08:05:27
1435	1	30178	        	1	1	2025/11/21 08:05:29
1436	1	30735	        	1	1	2025/11/21 08:33:15
1437	1	30735	        	1	1	2025/11/21 08:33:17
1438	1	24779	        	2	1	2025/11/21 11:59:55
1439	1	24779	        	0	1	2025/11/21 11:59:57
1440	1	24779	        	0	1	2025/11/21 11:59:58
1441	1	28850	        	0	1	2025/11/21 12:00:00
1442	1	28850	        	0	1	2025/11/21 12:00:02
1443	1	30728	        	0	1	2025/11/21 12:00:05
1444	1	28850	        	2	1	2025/11/21 12:00:40
1445	1	28850	        	3	1	2025/11/21 12:00:48
1446	1	28850	        	3	1	2025/11/21 12:00:49
1447	1	24779	        	0	1	2025/11/21 12:00:53
1448	1	24779	        	0	1	2025/11/21 12:00:54
1449	1	29553	        	0	1	2025/11/21 12:01:00
1450	1	29553	        	0	1	2025/11/21 12:01:02
1451	1	29553	        	0	1	2025/11/21 12:01:04
1452	1	29553	        	1	1	2025/11/21 12:01:36
1453	1	29553	        	1	1	2025/11/21 12:01:38
1454	1	29553	        	1	1	2025/11/21 12:01:39
1455	1	30528	        	2	1	2025/11/21 12:03:53
1456	1	30528	        	2	1	2025/11/21 12:03:54
1457	1	30735	        	2	1	2025/11/21 12:04:06
1458	1	30735	        	2	1	2025/11/21 12:04:07
1459	1	30528	        	0	1	2025/11/21 12:04:52
1460	1	30528	        	0	1	2025/11/21 12:05:03
1461	1	28928	        	2	1	2025/11/21 12:05:10
1462	1	30735	        	3	1	2025/11/21 12:05:39
1463	1	30735	        	3	1	2025/11/21 12:05:40
1464	1	28952	        	2	1	2025/11/21 12:07:39
1465	1	28952	        	2	1	2025/11/21 12:07:40
1466	1	28952	        	2	1	2025/11/21 12:07:42
1467	1	30180	        	2	1	2025/11/21 12:08:54
1468	1	28952	        	3	1	2025/11/21 12:09:25
1469	1	28952	        	3	1	2025/11/21 12:09:26
1470	1	30724	        	2	1	2025/11/21 12:10:08
1471	1	30724	        	3	1	2025/11/21 12:10:54
1472	1	30314	        	2	1	2025/11/21 12:18:04
1473	1	30314	        	3	1	2025/11/21 12:18:29
1474	1	29588	        	2	1	2025/11/21 12:20:50
1475	1	29588	        	2	1	2025/11/21 12:20:52
1476	1	30733	        	2	1	2025/11/21 12:20:54
1477	1	29588	        	3	1	2025/11/21 12:21:27
1478	1	29588	        	3	1	2025/11/21 12:21:28
1479	1	30733	        	0	1	2025/11/21 12:21:39
1480	1	30736	        	0	1	2025/11/21 12:22:28
1481	1	30170	        	2	1	2025/11/21 12:27:04
1482	1	30170	        	0	1	2025/11/21 12:27:25
1483	1	30178	        	2	1	2025/11/21 12:28:00
1484	1	30178	        	2	1	2025/11/21 12:28:02
1485	1	30178	        	3	1	2025/11/21 12:28:35
1486	1	30178	        	3	1	2025/11/21 12:28:37
1487	1	29553	        	4	1	2025/11/21 16:21:41
1488	1	29553	        	0	1	2025/11/21 16:21:43
1489	1	29553	        	0	1	2025/11/21 16:21:44
1490	1	24779	        	0	1	2025/11/21 16:59:30
1491	1	30528	        	0	1	2025/11/21 17:00:03
1492	1	28952	        	0	1	2025/11/21 17:00:06
1493	1	28952	        	0	1	2025/11/21 17:00:08
1494	1	28850	        	0	1	2025/11/21 17:00:12
1495	1	28850	        	0	1	2025/11/21 17:00:15
1496	1	30728	        	0	1	2025/11/21 17:00:17
1497	1	30735	        	4	1	2025/11/21 17:00:41
1498	1	30735	        	4	1	2025/11/21 17:00:42
1499	1	28928	        	4	1	2025/11/21 17:00:44
1500	1	28928	        	0	1	2025/11/21 17:00:47
1501	1	30316	        	0	1	2025/11/21 17:00:55
1502	1	30180	        	4	1	2025/11/21 17:20:18
1503	1	30314	        	4	1	2025/11/21 17:23:18
1504	1	30733	        	4	1	2025/11/21 17:31:55
1505	1	30733	        	4	1	2025/11/21 17:31:56
1506	1	30724	        	4	1	2025/11/21 17:33:56
1507	1	29588	        	6	1	2025/11/21 17:37:16
1508	1	30180	        	4	1	2025/11/21 17:45:29
1509	1	30180	        	4	1	2025/11/21 17:45:31
1510	1	1962	        	0	1	2025/11/22 17:32:34
1511	1	1962	        	0	1	2025/11/22 20:27:46
1512	1	1962	        	0	1	2025/11/23 20:12:44
1513	1	29553	        	3	1	2025/11/24 04:06:55
1514	1	29553	        	3	1	2025/11/24 04:06:57
1515	1	29553	        	0	1	2025/11/24 04:06:59
1516	1	24779	        	1	1	2025/11/24 06:49:19
1517	1	24779	        	1	1	2025/11/24 06:49:20
1518	1	30178	        	1	1	2025/11/24 06:58:27
1519	1	30178	        	0	1	2025/11/24 06:58:30
1520	1	30316	        	0	1	2025/11/24 07:29:22
1521	1	30180	        	1	1	2025/11/24 07:36:54
1522	1	30180	        	0	1	2025/11/24 07:36:56
1523	1	29588	        	1	1	2025/11/24 07:45:51
1524	1	28850	        	1	1	2025/11/24 07:47:41
1525	1	28850	        	1	1	2025/11/24 07:47:48
1526	1	30314	        	1	1	2025/11/24 07:49:40
1527	1	30728	        	1	1	2025/11/24 07:50:55
1528	1	23401	        	1	1	2025/11/24 07:53:06
1529	1	30735	        	1	1	2025/11/24 07:57:22
1530	1	30735	        	1	1	2025/11/24 07:57:23
1531	1	30735	        	1	1	2025/11/24 07:57:24
1532	1	30528	        	0	1	2025/11/24 08:00:16
1533	1	30528	        	0	1	2025/11/24 08:00:36
1534	1	30733	        	1	1	2025/11/24 08:08:55
1535	1	30733	        	1	1	2025/11/24 08:08:56
1536	1	30724	        	1	1	2025/11/24 08:09:41
1537	1	30170	        	0	1	2025/11/24 08:10:48
1538	1	28952	        	1	1	2025/11/24 08:31:20
1539	1	28952	        	1	1	2025/11/24 08:31:22
1540	1	28850	        	2	1	2025/11/24 12:00:50
1541	1	28850	        	2	1	2025/11/24 12:00:52
1542	1	30316	        	0	1	2025/11/24 12:01:33
1543	1	28850	        	3	1	2025/11/24 12:02:08
1544	1	28850	        	0	1	2025/11/24 12:02:11
1545	1	29553	        	5	1	2025/11/24 12:02:34
1546	1	29553	        	5	1	2025/11/24 12:02:36
1547	1	29553	        	5	1	2025/11/24 12:02:37
1548	1	29553	        	1	1	2025/11/24 12:03:12
1549	1	29553	        	1	1	2025/11/24 12:03:14
1550	1	29553	        	0	1	2025/11/24 12:03:16
1551	1	29553	        	0	1	2025/11/24 12:03:18
1552	1	23410	        	0	1	2025/11/24 12:03:23
1553	1	23410	        	0	1	2025/11/24 12:03:24
1554	1	30728	        	2	1	2025/11/24 12:04:20
1555	1	30728	        	3	1	2025/11/24 12:04:49
1556	1	24779	        	2	1	2025/11/24 12:05:05
1557	1	24779	        	2	1	2025/11/24 12:05:06
1558	1	24779	        	2	1	2025/11/24 12:05:08
1559	1	23401	        	0	1	2025/11/24 12:05:10
1560	1	24779	        	3	1	2025/11/24 12:05:32
1561	1	24779	        	3	1	2025/11/24 12:05:34
1562	1	30733	        	2	1	2025/11/24 12:06:11
1563	1	30733	        	2	1	2025/11/24 12:06:12
1564	1	29588	        	2	1	2025/11/24 12:06:20
1565	1	29588	        	2	1	2025/11/24 12:06:22
1566	1	29588	        	3	1	2025/11/24 12:06:44
1567	1	29588	        	3	1	2025/11/24 12:06:45
1568	1	30733	        	0	1	2025/11/24 12:06:48
1569	1	30733	        	0	1	2025/11/24 12:06:50
1570	1	30170	        	2	1	2025/11/24 12:07:40
1571	1	30178	        	2	1	2025/11/24 12:07:57
1572	1	30178	        	2	1	2025/11/24 12:07:59
1573	1	30180	        	2	1	2025/11/24 12:08:04
1574	1	30180	        	2	1	2025/11/24 12:08:06
1575	1	28952	        	2	1	2025/11/24 12:16:33
1576	1	28952	        	2	1	2025/11/24 12:16:35
1577	1	28952	        	3	1	2025/11/24 12:18:20
1578	1	28952	        	3	1	2025/11/24 12:18:22
1579	1	30180	        	3	1	2025/11/24 12:20:31
1580	1	30180	        	3	1	2025/11/24 12:20:33
1581	1	30178	        	3	1	2025/11/24 12:20:42
1582	1	30178	        	3	1	2025/11/24 12:20:43
1583	1	30170	        	0	1	2025/11/24 12:20:49
1584	1	30170	        	3	1	2025/11/24 12:20:57
1585	1	30735	        	2	1	2025/11/24 12:21:57
1586	1	30735	        	2	1	2025/11/24 12:21:59
1587	1	30735	        	2	1	2025/11/24 12:22:00
1588	1	30735	        	3	1	2025/11/24 12:24:20
1589	1	30735	        	3	1	2025/11/24 12:24:21
1590	1	30528	        	2	1	2025/11/24 12:25:54
1591	1	30528	        	0	1	2025/11/24 12:26:21
1592	1	30314	        	2	1	2025/11/24 12:56:29
1593	1	30314	        	3	1	2025/11/24 12:57:34
1594	1	24779	        	4	1	2025/11/24 16:59:23
1595	1	24779	        	4	1	2025/11/24 16:59:25
1596	1	28850	        	0	1	2025/11/24 16:59:43
1597	1	23410	        	0	1	2025/11/24 16:59:48
1598	1	30728	        	0	1	2025/11/24 16:59:50
1599	1	23410	        	0	1	2025/11/24 16:59:53
1600	1	28952	        	4	1	2025/11/24 17:01:24
1601	1	28952	        	4	1	2025/11/24 17:01:26
1602	1	30170	        	4	1	2025/11/24 17:02:25
1603	1	30170	        	4	1	2025/11/24 17:02:26
1604	1	30170	        	4	1	2025/11/24 17:02:28
1605	1	30170	        	0	1	2025/11/24 17:02:30
1606	1	30170	        	0	1	2025/11/24 17:02:31
1607	1	30180	        	4	1	2025/11/24 17:03:08
1608	1	30316	        	0	1	2025/11/24 17:04:14
1609	1	30314	        	0	1	2025/11/24 17:09:33
1610	1	30735	        	4	1	2025/11/24 17:12:58
1611	1	30735	        	4	1	2025/11/24 17:13:00
1612	1	1962	        	0	1	2025/11/24 17:19:01
1613	1	30733	        	4	1	2025/11/24 17:22:35
1614	1	30733	        	4	1	2025/11/24 17:22:36
1615	1	29588	        	6	1	2025/11/24 17:36:34
1616	1	29553	        	1	1	2025/11/24 17:50:04
1617	1	29553	        	1	1	2025/11/24 17:50:05
1618	1	29553	        	1	1	2025/11/24 17:50:07
1619	1	30178	        	0	1	2025/11/24 17:55:46
1620	1	1962	        	0	1	2025/11/24 20:04:05
1621	1	29553	        	2	1	2025/11/25 04:37:24
1622	1	29553	        	0	1	2025/11/25 04:37:26
1623	1	30724	        	1	1	2025/11/25 06:56:07
1624	1	24779	        	1	1	2025/11/25 07:05:24
1625	1	24779	        	1	1	2025/11/25 07:05:26
1626	1	24779	        	1	1	2025/11/25 07:05:27
1627	1	30314	        	0	1	2025/11/25 07:31:51
1628	1	28952	        	1	1	2025/11/25 07:34:28
1629	1	28952	        	1	1	2025/11/25 07:34:30
1630	1	30733	        	1	1	2025/11/25 07:36:31
1631	1	30733	        	1	1	2025/11/25 07:36:33
1632	1	28850	        	0	1	2025/11/25 07:39:51
1633	1	30170	        	1	1	2025/11/25 07:46:47
1634	1	30528	        	1	1	2025/11/25 07:53:24
1635	1	30180	        	1	1	2025/11/25 07:53:44
1636	1	30316	        	0	1	2025/11/25 07:56:44
1637	1	30178	        	1	1	2025/11/25 07:57:04
1638	1	30178	        	1	1	2025/11/25 07:57:06
1639	1	30528	        	0	1	2025/11/25 07:58:20
1640	1	30728	        	1	1	2025/11/25 08:03:33
1641	1	28928	        	0	1	2025/11/25 08:03:40
1642	1	30735	        	1	1	2025/11/25 08:36:40
1643	1	30735	        	1	1	2025/11/25 08:36:41
1644	1	24779	        	2	1	2025/11/25 12:01:18
1645	1	24779	        	2	1	2025/11/25 12:01:20
1646	1	24779	        	3	1	2025/11/25 12:01:48
1647	1	24779	        	3	1	2025/11/25 12:01:50
1648	1	30728	        	2	1	2025/11/25 12:02:16
1649	1	30528	        	2	1	2025/11/25 12:02:28
1650	1	30528	        	0	1	2025/11/25 12:02:31
1651	1	28850	        	2	1	2025/11/25 12:02:53
1652	1	30528	        	3	1	2025/11/25 12:03:15
1653	1	30728	        	0	1	2025/11/25 12:03:22
1654	1	28850	        	3	1	2025/11/25 12:03:49
1655	1	30316	        	0	1	2025/11/25 12:04:20
1656	1	30316	        	4	1	2025/11/25 12:04:48
1657	1	30316	        	2	1	2025/11/25 12:04:55
1658	1	30316	        	3	1	2025/11/25 12:05:08
1659	1	30170	        	2	1	2025/11/25 12:05:54
1660	1	30170	        	3	1	2025/11/25 12:06:00
1661	1	30170	        	3	1	2025/11/25 12:08:27
1662	1	30170	        	3	1	2025/11/25 12:08:29
1663	1	28928	        	2	1	2025/11/25 12:08:56
1664	1	30314	        	2	1	2025/11/25 12:09:06
1665	1	28928	        	0	1	2025/11/25 12:09:14
1666	1	30314	        	3	1	2025/11/25 12:09:31
1667	1	30724	        	2	1	2025/11/25 12:15:09
1668	1	30733	        	2	1	2025/11/25 12:20:50
1669	1	30733	        	2	1	2025/11/25 12:20:51
1670	1	29588	        	2	1	2025/11/25 12:21:01
1671	1	29588	        	2	1	2025/11/25 12:21:03
1672	1	30733	        	3	1	2025/11/25 12:21:17
1673	1	30733	        	3	1	2025/11/25 12:21:19
1674	1	30733	        	3	1	2025/11/25 12:21:46
1675	1	30733	        	3	1	2025/11/25 12:21:47
1676	1	29588	        	3	1	2025/11/25 12:21:49
1677	1	29588	        	0	1	2025/11/25 12:21:50
1678	1	30180	        	2	1	2025/11/25 12:55:33
1679	1	30178	        	2	1	2025/11/25 12:56:18
1680	1	30178	        	2	1	2025/11/25 12:56:20
1681	1	30180	        	3	1	2025/11/25 12:56:28
1682	1	30180	        	0	1	2025/11/25 12:56:33
1683	1	30178	        	3	1	2025/11/25 12:56:38
1684	1	30178	        	3	1	2025/11/25 12:56:40
1685	1	28952	        	2	1	2025/11/25 13:21:31
1686	1	28952	        	2	1	2025/11/25 13:21:51
1687	1	28952	        	0	1	2025/11/25 13:22:28
1688	1	28952	        	0	1	2025/11/25 13:22:30
1689	1	24779	        	4	1	2025/11/25 16:59:32
1690	1	24779	        	4	1	2025/11/25 16:59:33
1691	1	30528	        	0	1	2025/11/25 17:00:05
1692	1	30528	        	0	1	2025/11/25 17:00:07
1693	1	30728	        	0	1	2025/11/25 17:00:11
1694	1	28850	        	4	1	2025/11/25 17:01:33
1695	1	28850	        	4	1	2025/11/25 17:01:35
1696	1	30316	        	0	1	2025/11/25 17:03:00
1697	1	30314	        	0	1	2025/11/25 17:04:05
1698	1	30724	        	4	1	2025/11/25 17:04:21
1699	1	30170	        	4	1	2025/11/25 17:05:56
1700	1	30170	        	4	1	2025/11/25 17:05:58
1701	1	30180	        	4	1	2025/11/25 17:10:35
1702	1	30733	        	4	1	2025/11/25 17:16:53
1703	1	30733	        	4	1	2025/11/25 17:16:54
1704	1	30178	        	4	1	2025/11/25 17:17:20
1705	1	30178	        	4	1	2025/11/25 17:17:22
1706	1	28928	        	4	1	2025/11/25 17:23:43
1707	1	29553	        	4	1	2025/11/25 17:24:46
1708	1	29588	        	6	1	2025/11/25 17:39:35
1709	1	29588	        	6	1	2025/11/25 17:39:37
1710	1	30735	        	4	1	2025/11/25 19:19:05
1711	1	30735	        	4	1	2025/11/25 19:19:07
1712	1	29553	        	2	1	2025/11/26 03:43:30
1713	1	29553	        	0	1	2025/11/26 03:43:31
1714	1	29553	        	0	1	2025/11/26 03:43:33
1715	1	30733	        	1	1	2025/11/26 07:26:13
1716	1	30733	        	1	1	2025/11/26 07:26:15
1717	1	24779	        	0	1	2025/11/26 07:32:01
1718	1	24779	        	1	1	2025/11/26 07:32:10
1719	1	29588	        	1	1	2025/11/26 07:45:40
1720	1	29588	        	1	1	2025/11/26 07:45:41
1721	1	30528	        	1	1	2025/11/26 07:46:29
1722	1	30180	        	1	1	2025/11/26 07:48:04
1723	1	28850	        	0	1	2025/11/26 07:51:39
1724	1	30724	        	1	1	2025/11/26 07:51:47
1725	1	30314	        	0	1	2025/11/26 07:52:08
1726	1	30170	        	1	1	2025/11/26 07:52:37
1727	1	30170	        	1	1	2025/11/26 07:52:39
1728	1	30316	        	0	1	2025/11/26 07:53:09
1729	1	30728	        	1	1	2025/11/26 07:53:46
1730	1	28928	        	0	1	2025/11/26 07:53:50
1731	1	28928	        	0	1	2025/11/26 07:53:52
1732	1	23410	        	0	1	2025/11/26 07:54:10
1733	1	28952	        	1	1	2025/11/26 07:54:54
1734	1	28952	        	1	1	2025/11/26 07:54:56
1735	1	28952	        	1	1	2025/11/26 07:54:57
1736	1	29589	        	1	1	2025/11/26 07:55:25
1737	1	29589	        	1	1	2025/11/26 07:55:26
1738	1	30178	        	1	1	2025/11/26 07:58:14
1739	1	30178	        	1	1	2025/11/26 07:58:16
1740	1	30735	        	0	1	2025/11/26 08:56:09
1741	1	29553	        	0	1	2025/11/26 11:59:44
1742	1	30728	        	2	1	2025/11/26 12:00:54
1743	1	28850	        	2	1	2025/11/26 12:01:23
1744	1	28850	        	2	1	2025/11/26 12:01:25
1745	1	30728	        	3	1	2025/11/26 12:01:42
1746	1	24779	        	2	1	2025/11/26 12:02:09
1747	1	24779	        	2	1	2025/11/26 12:02:11
1748	1	28850	        	3	1	2025/11/26 12:02:43
1749	1	28850	        	3	1	2025/11/26 12:02:45
1750	1	29589	        	2	1	2025/11/26 12:02:53
1751	1	29589	        	2	1	2025/11/26 12:02:54
1752	1	24779	        	3	1	2025/11/26 12:03:09
1753	1	24779	        	3	1	2025/11/26 12:03:11
1754	1	29589	        	3	1	2025/11/26 12:03:33
1755	1	29589	        	3	1	2025/11/26 12:03:34
1756	1	30316	        	0	1	2025/11/26 12:04:21
1757	1	30178	        	2	1	2025/11/26 12:11:30
1758	1	30178	        	2	1	2025/11/26 12:11:32
1759	1	30724	        	2	1	2025/11/26 12:11:37
1760	1	30170	        	2	1	2025/11/26 12:11:43
1761	1	30180	        	2	1	2025/11/26 12:12:08
1762	1	30314	        	2	1	2025/11/26 12:12:16
1763	1	30170	        	3	1	2025/11/26 12:12:35
1764	1	30314	        	3	1	2025/11/26 12:12:59
1765	1	30724	        	3	1	2025/11/26 12:13:06
1766	1	23401	        	2	1	2025/11/26 12:13:29
1767	1	30180	        	3	1	2025/11/26 12:13:41
1768	1	30528	        	2	1	2025/11/26 12:14:02
1769	1	23401	        	3	1	2025/11/26 12:14:27
1770	1	28952	        	2	1	2025/11/26 12:14:41
1771	1	28952	        	2	1	2025/11/26 12:14:42
1772	1	30528	        	0	1	2025/11/26 12:15:05
1773	1	30735	        	2	1	2025/11/26 12:15:17
1774	1	30735	        	2	1	2025/11/26 12:15:19
1775	1	28952	        	3	1	2025/11/26 12:16:28
1776	1	28952	        	3	1	2025/11/26 12:16:30
1777	1	29588	        	2	1	2025/11/26 12:25:12
1778	1	29588	        	2	1	2025/11/26 12:25:14
1779	1	30733	        	2	1	2025/11/26 12:25:16
1780	1	30733	        	0	1	2025/11/26 12:25:18
1781	1	30733	        	3	1	2025/11/26 12:25:26
1782	1	29588	        	3	1	2025/11/26 12:25:29
1783	1	30733	        	3	1	2025/11/26 12:25:36
1784	1	24779	        	0	1	2025/11/26 16:59:24
1785	1	24779	        	0	1	2025/11/26 16:59:26
1786	1	30728	        	4	1	2025/11/26 17:00:09
1787	1	28952	        	4	1	2025/11/26 17:00:29
1788	1	28850	        	4	1	2025/11/26 17:00:37
1789	1	29589	        	4	1	2025/11/26 17:00:47
1790	1	29589	        	4	1	2025/11/26 17:00:48
1791	1	30724	        	4	1	2025/11/26 17:00:53
1792	1	23401	        	4	1	2025/11/26 17:02:34
1793	1	30170	        	4	1	2025/11/26 17:03:54
1794	1	30180	        	0	1	2025/11/26 17:04:02
1795	1	30180	        	4	1	2025/11/26 17:04:07
1796	1	30316	        	0	1	2025/11/26 17:04:18
1797	1	29588	        	6	1	2025/11/26 17:06:15
1798	1	29588	        	6	1	2025/11/26 17:06:17
1799	1	23410	        	6	1	2025/11/26 17:07:05
1800	1	30314	        	4	1	2025/11/26 17:33:22
1801	1	30733	        	4	1	2025/11/26 17:35:51
1802	1	30733	        	4	1	2025/11/26 17:35:52
1803	1	30735	        	4	1	2025/11/26 19:02:33
1804	1	28928	        	4	1	2025/11/26 19:41:21
1805	1	28928	        	4	1	2025/11/26 19:41:22
1806	1	29553	        	3	1	2025/11/27 03:39:53
1807	1	29553	        	0	1	2025/11/27 03:39:55
1808	1	29553	        	0	1	2025/11/27 03:39:57
1809	1	24779	        	1	1	2025/11/27 06:44:14
1810	1	24779	        	1	1	2025/11/27 06:44:15
1811	1	30733	        	1	1	2025/11/27 07:18:54
1812	1	30733	        	1	1	2025/11/27 07:18:55
1813	1	28850	        	1	1	2025/11/27 07:31:29
1814	1	29588	        	1	1	2025/11/27 07:32:21
1815	1	29588	        	0	1	2025/11/27 07:32:23
1816	1	30316	        	0	1	2025/11/27 07:34:39
1817	1	30316	        	0	1	2025/11/27 07:34:43
1818	1	30180	        	1	1	2025/11/27 07:37:43
1819	1	30180	        	0	1	2025/11/27 07:37:48
1820	1	30724	        	1	1	2025/11/27 07:43:07
1821	1	28952	        	1	1	2025/11/27 07:46:41
1822	1	30314	        	1	1	2025/11/27 07:49:32
1823	1	30170	        	1	1	2025/11/27 07:54:22
1824	1	23410	        	1	1	2025/11/27 07:55:53
1825	1	30178	        	1	1	2025/11/27 07:58:24
1826	1	30178	        	1	1	2025/11/27 07:58:26
1827	1	23401	        	1	1	2025/11/27 07:59:49
1828	1	30735	        	1	1	2025/11/27 08:34:26
1829	1	30735	        	1	1	2025/11/27 08:34:28
1830	1	29553	        	3	1	2025/11/27 11:59:29
1831	1	29553	        	3	1	2025/11/27 11:59:31
1832	1	29553	        	0	1	2025/11/27 11:59:33
1833	1	30728	        	2	1	2025/11/27 12:00:23
1834	1	29553	        	1	1	2025/11/27 12:00:31
1835	1	29553	        	1	1	2025/11/27 12:00:33
1836	1	28850	        	2	1	2025/11/27 12:00:57
1837	1	28850	        	2	1	2025/11/27 12:00:58
1838	1	30728	        	3	1	2025/11/27 12:01:11
1839	1	29589	        	0	1	2025/11/27 12:01:46
1840	1	30316	        	0	1	2025/11/27 12:02:18
1841	1	28850	        	3	1	2025/11/27 12:02:33
1842	1	28850	        	3	1	2025/11/27 12:02:35
1843	1	24779	        	2	1	2025/11/27 12:03:20
1844	1	24779	        	0	1	2025/11/27 12:03:24
1845	1	23401	        	2	1	2025/11/27 12:03:40
1846	1	23401	        	3	1	2025/11/27 12:03:46
1847	1	24779	        	3	1	2025/11/27 12:04:00
1848	1	24779	        	3	1	2025/11/27 12:04:02
1849	1	24779	        	3	1	2025/11/27 12:04:03
1850	1	30724	        	2	1	2025/11/27 12:05:40
1851	1	30724	        	3	1	2025/11/27 12:06:09
1852	1	28928	        	0	1	2025/11/27 12:07:21
1853	1	28928	        	2	1	2025/11/27 12:07:26
1854	1	28928	        	3	1	2025/11/27 12:07:35
1855	1	28928	        	3	1	2025/11/27 12:07:36
1856	1	30735	        	2	1	2025/11/27 12:07:48
1857	1	30735	        	2	1	2025/11/27 12:07:50
1858	1	30735	        	2	1	2025/11/27 12:07:51
1859	1	30180	        	2	1	2025/11/27 12:08:44
1860	1	30180	        	3	1	2025/11/27 12:09:23
1861	1	30170	        	2	1	2025/11/27 12:12:18
1862	1	30178	        	2	1	2025/11/27 12:12:50
1863	1	30178	        	2	1	2025/11/27 12:12:52
1864	1	30170	        	3	1	2025/11/27 12:12:57
1865	1	30314	        	2	1	2025/11/27 12:13:06
1866	1	30178	        	3	1	2025/11/27 12:13:52
1867	1	30178	        	3	1	2025/11/27 12:13:54
1868	1	30314	        	3	1	2025/11/27 12:13:58
1869	1	30734	        	2	1	2025/11/27 12:17:48
1870	1	30734	        	0	1	2025/11/27 12:19:04
1871	1	29588	        	2	1	2025/11/27 12:19:22
1872	1	29588	        	2	1	2025/11/27 12:19:24
1873	1	29588	        	3	1	2025/11/27 12:19:32
1874	1	29588	        	3	1	2025/11/27 12:19:34
1875	1	30733	        	2	1	2025/11/27 12:19:39
1876	1	30733	        	2	1	2025/11/27 12:19:41
1877	1	30733	        	3	1	2025/11/27 12:19:47
1878	1	30733	        	3	1	2025/11/27 12:19:48
1879	1	28952	        	2	1	2025/11/27 12:24:04
1880	1	28952	        	2	1	2025/11/27 12:24:06
1881	1	28952	        	3	1	2025/11/27 12:27:21
1882	1	30735	        	3	1	2025/11/27 12:28:30
1883	1	30735	        	3	1	2025/11/27 12:28:31
1884	1	24779	        	4	1	2025/11/27 16:59:10
1885	1	24779	        	4	1	2025/11/27 16:59:12
1886	1	24779	        	4	1	2025/11/27 16:59:14
1887	1	28952	        	4	1	2025/11/27 16:59:34
1888	1	28850	        	4	1	2025/11/27 17:00:04
1889	1	28850	        	4	1	2025/11/27 17:00:05
1890	1	30724	        	4	1	2025/11/27 17:00:11
1891	1	30728	        	4	1	2025/11/27 17:00:22
1892	1	30180	        	4	1	2025/11/27 17:02:45
1893	1	30180	        	4	1	2025/11/27 17:02:47
1894	1	30316	        	0	1	2025/11/27 17:02:56
1895	1	30734	        	4	1	2025/11/27 17:04:29
1896	1	30314	        	4	1	2025/11/27 17:08:05
1897	1	28928	        	0	1	2025/11/27 17:12:11
1898	1	28928	        	0	1	2025/11/27 17:12:13
1899	1	29588	        	6	1	2025/11/27 17:14:56
1900	1	29588	        	6	1	2025/11/27 17:14:58
1901	1	23401	        	4	1	2025/11/27 17:20:57
1902	1	30733	        	4	1	2025/11/27 17:21:28
1903	1	30733	        	0	1	2025/11/27 17:21:30
1904	1	30178	        	4	1	2025/11/27 17:44:39
1905	1	30178	        	4	1	2025/11/27 17:44:41
1906	1	29553	        	2	1	2025/11/27 17:48:44
1907	1	29553	        	0	1	2025/11/27 17:48:46
1908	1	29553	        	0	1	2025/11/27 17:48:48
1909	1	29553	        	0	1	2025/11/27 17:48:49
1910	1	30735	        	4	1	2025/11/27 18:37:13
1911	1	30735	        	4	1	2025/11/27 18:37:15
1912	1	29553	        	0	1	2025/11/28 04:31:51
1913	1	30733	        	1	1	2025/11/28 07:05:38
1914	1	30733	        	1	1	2025/11/28 07:05:40
1915	1	24779	        	1	1	2025/11/28 07:12:30
1916	1	28952	        	1	1	2025/11/28 07:36:44
1917	1	28850	        	1	1	2025/11/28 07:37:32
1918	1	28850	        	1	1	2025/11/28 07:37:34
1919	1	30180	        	1	1	2025/11/28 07:46:17
1920	1	29588	        	1	1	2025/11/28 07:46:48
1921	1	29588	        	1	1	2025/11/28 07:46:50
1922	1	30734	        	3	1	2025/11/28 07:51:23
1923	1	30316	        	0	1	2025/11/28 07:51:32
1924	1	30724	        	1	1	2025/11/28 07:53:14
1925	1	23401	        	1	1	2025/11/28 07:53:28
1926	1	30314	        	1	1	2025/11/28 07:55:01
1927	1	30178	        	1	1	2025/11/28 07:58:34
1928	1	30178	        	1	1	2025/11/28 07:58:36
1929	1	28928	        	1	1	2025/11/28 08:02:11
1930	1	28928	        	1	1	2025/11/28 08:02:12
1931	1	30728	        	1	1	2025/11/28 08:02:26
1932	1	30728	        	1	1	2025/11/28 08:02:28
1933	1	29589	        	1	1	2025/11/28 08:24:23
1934	1	29589	        	1	1	2025/11/28 08:24:25
1935	1	30735	        	1	1	2025/11/28 08:32:41
1936	1	30735	        	1	1	2025/11/28 08:32:42
1937	1	30728	        	2	1	2025/11/28 12:00:02
1938	1	29589	        	2	1	2025/11/28 12:00:42
1939	1	28850	        	2	1	2025/11/28 12:00:44
1940	1	29589	        	3	1	2025/11/28 12:01:07
1941	1	28850	        	3	1	2025/11/28 12:01:16
1942	1	24779	        	2	1	2025/11/28 12:02:51
1943	1	24779	        	2	1	2025/11/28 12:02:52
1944	1	24779	        	2	1	2025/11/28 12:02:54
1945	1	24779	        	3	1	2025/11/28 12:03:03
1946	1	24779	        	3	1	2025/11/28 12:03:04
1947	1	24779	        	3	1	2025/11/28 12:03:06
1948	1	30316	        	0	1	2025/11/28 12:03:22
1949	1	30316	        	0	1	2025/11/28 12:04:07
1950	1	30316	        	0	1	2025/11/28 12:04:09
1951	1	30724	        	2	1	2025/11/28 12:09:32
1952	1	30180	        	2	1	2025/11/28 12:09:42
1953	1	23401	        	2	1	2025/11/28 12:09:53
1954	1	30180	        	3	1	2025/11/28 12:10:32
1955	1	23401	        	3	1	2025/11/28 12:10:42
1956	1	30724	        	3	1	2025/11/28 12:10:50
1957	1	30735	        	2	1	2025/11/28 12:11:08
1958	1	30735	        	2	1	2025/11/28 12:11:09
1959	1	30735	        	3	1	2025/11/28 12:11:59
1960	1	30734	        	4	1	2025/11/28 12:12:19
1961	1	30734	        	0	1	2025/11/28 12:13:12
1962	1	30314	        	2	1	2025/11/28 12:18:00
1963	1	30314	        	3	1	2025/11/28 12:18:25
1964	1	30170	        	2	1	2025/11/28 12:18:48
1965	1	30178	        	2	1	2025/11/28 12:19:15
1966	1	30178	        	2	1	2025/11/28 12:19:17
1967	1	30170	        	3	1	2025/11/28 12:19:46
1968	1	30170	        	3	1	2025/11/28 12:19:48
1969	1	30178	        	3	1	2025/11/28 12:20:05
1970	1	30178	        	3	1	2025/11/28 12:20:06
1971	1	29588	        	2	1	2025/11/28 12:21:17
1972	1	29588	        	2	1	2025/11/28 12:21:19
1973	1	30733	        	2	1	2025/11/28 12:21:20
1974	1	29588	        	3	1	2025/11/28 12:21:27
1975	1	29588	        	3	1	2025/11/28 12:21:29
1976	1	29553	        	4	1	2025/11/28 12:23:57
1977	1	29553	        	4	1	2025/11/28 12:23:58
1978	1	29553	        	1	1	2025/11/28 12:24:42
1979	1	29553	        	1	1	2025/11/28 12:24:44
1980	1	29553	        	1	1	2025/11/28 12:24:46
1981	1	28928	        	0	1	2025/11/28 12:25:26
1982	1	28928	        	3	1	2025/11/28 12:25:36
1983	1	28928	        	3	1	2025/11/28 12:25:38
1984	1	28928	        	0	1	2025/11/28 12:26:21
1985	1	28952	        	2	1	2025/11/28 12:30:14
1986	1	28952	        	3	1	2025/11/28 12:30:51
1987	1	28952	        	0	1	2025/11/28 16:59:29
1988	1	28952	        	0	1	2025/11/28 16:59:30
1989	1	24779	        	4	1	2025/11/28 16:59:40
1990	1	28850	        	4	1	2025/11/28 17:00:17
1991	1	28850	        	4	1	2025/11/28 17:00:19
1992	1	30314	        	4	1	2025/11/28 17:00:33
1993	1	30316	        	0	1	2025/11/28 17:00:44
1994	1	30724	        	4	1	2025/11/28 17:01:00
1995	1	30735	        	4	1	2025/11/28 17:01:11
1996	1	29588	        	6	1	2025/11/28 17:01:31
1997	1	30733	        	4	1	2025/11/28 17:01:38
1998	1	30733	        	4	1	2025/11/28 17:01:40
1999	1	29588	        	4	1	2025/11/28 17:01:46
2000	1	29588	        	4	1	2025/11/28 17:01:48
2001	1	1962	        	0	1	2025/11/28 17:02:05
2002	1	28928	        	0	1	2025/11/28 17:02:24
2003	1	28928	        	4	1	2025/11/28 17:02:34
2004	1	30180	        	4	1	2025/11/28 17:03:08
2005	1	30178	        	4	1	2025/11/28 17:03:28
2006	1	30178	        	4	1	2025/11/28 17:03:30
2007	1	30170	        	4	1	2025/11/28 17:06:40
2008	1	30170	        	4	1	2025/11/28 17:06:42
2009	1	23401	        	4	1	2025/11/28 17:13:54
2010	1	29553	        	6	1	2025/11/28 18:03:04
2011	1	29553	        	6	1	2025/11/28 18:03:06
2012	1	29553	        	6	1	2025/11/28 18:03:08
2013	1	30734	        	4	1	2025/11/28 18:15:36
2014	1	1962	        	2	1	2025/11/28 20:39:33
2015	1	1962	        	0	1	2025/11/29 16:39:08
2016	1	29553	        	3	1	2025/12/01 03:43:35
2017	1	29553	        	0	1	2025/12/01 03:43:37
2018	1	29553	        	0	1	2025/12/01 03:43:39
2019	1	30178	        	1	1	2025/12/01 05:40:26
2020	1	30178	        	1	1	2025/12/01 05:40:28
2021	1	24779	        	1	1	2025/12/01 07:01:07
2022	1	30724	        	1	1	2025/12/01 07:18:19
2023	1	29588	        	1	1	2025/12/01 07:29:20
2024	1	29588	        	1	1	2025/12/01 07:29:22
2025	1	28952	        	1	1	2025/12/01 07:30:19
2026	1	30734	        	3	1	2025/12/01 07:32:51
2027	1	30733	        	1	1	2025/12/01 07:34:44
2028	1	30733	        	1	1	2025/12/01 07:34:45
2029	1	30180	        	1	1	2025/12/01 07:35:53
2030	1	30528	        	1	1	2025/12/01 07:43:35
2031	1	30528	        	1	1	2025/12/01 07:43:37
2032	1	28850	        	1	1	2025/12/01 07:43:57
2033	1	30316	        	0	1	2025/12/01 07:44:04
2034	1	30314	        	1	1	2025/12/01 07:47:07
2035	1	30735	        	1	1	2025/12/01 07:47:53
2036	1	28897	        	1	1	2025/12/01 07:56:57
2037	1	30170	        	1	1	2025/12/01 07:58:28
2038	1	30728	        	0	1	2025/12/01 08:04:06
2039	1	29589	        	1	1	2025/12/01 08:31:09
2040	1	29589	        	1	1	2025/12/01 08:31:11
2041	1	24779	        	0	1	2025/12/01 11:59:27
2042	1	24779	        	0	1	2025/12/01 11:59:28
2043	1	30316	        	0	1	2025/12/01 11:59:51
2044	1	30734	        	6	1	2025/12/01 12:00:02
2045	1	28850	        	2	1	2025/12/01 12:00:28
2046	1	24779	        	3	1	2025/12/01 12:01:01
2047	1	24779	        	3	1	2025/12/01 12:01:03
2048	1	29589	        	2	1	2025/12/01 12:01:23
2049	1	29589	        	2	1	2025/12/01 12:01:25
2050	1	30734	        	3	1	2025/12/01 12:01:35
2051	1	28850	        	3	1	2025/12/01 12:01:46
2052	1	28850	        	3	1	2025/12/01 12:01:48
2053	1	30728	        	2	1	2025/12/01 12:02:32
2054	1	30728	        	2	1	2025/12/01 12:03:15
2055	1	23410	        	0	1	2025/12/01 12:03:33
2056	1	23410	        	0	1	2025/12/01 12:03:52
2057	1	29553	        	4	1	2025/12/01 12:04:26
2058	1	29553	        	4	1	2025/12/01 12:04:28
2059	1	29553	        	4	1	2025/12/01 12:04:29
2060	1	30733	        	2	1	2025/12/01 12:04:49
2061	1	30733	        	2	1	2025/12/01 12:04:50
2062	1	30733	        	3	1	2025/12/01 12:04:55
2063	1	30733	        	3	1	2025/12/01 12:04:57
2064	1	29588	        	2	1	2025/12/01 12:05:14
2065	1	29588	        	2	1	2025/12/01 12:05:16
2066	1	29588	        	3	1	2025/12/01 12:05:30
2067	1	29588	        	0	1	2025/12/01 12:05:32
2068	1	29553	        	1	1	2025/12/01 12:06:10
2069	1	29553	        	1	1	2025/12/01 12:06:12
2070	1	30180	        	2	1	2025/12/01 12:08:16
2071	1	30724	        	2	1	2025/12/01 12:08:24
2072	1	30180	        	3	1	2025/12/01 12:08:58
2073	1	30724	        	3	1	2025/12/01 12:09:08
2074	1	30735	        	2	1	2025/12/01 12:10:23
2075	1	30314	        	0	1	2025/12/01 12:11:06
2076	1	30314	        	3	1	2025/12/01 12:11:26
2077	1	30735	        	3	1	2025/12/01 12:11:45
2078	1	30735	        	3	1	2025/12/01 12:11:46
2079	1	30170	        	2	1	2025/12/01 12:14:26
2080	1	30170	        	3	1	2025/12/01 12:14:32
2081	1	30528	        	2	1	2025/12/01 12:18:22
2082	1	30528	        	2	1	2025/12/01 12:18:23
2083	1	28897	        	2	1	2025/12/01 12:19:42
2084	1	30528	        	3	1	2025/12/01 12:21:09
2085	1	30528	        	0	1	2025/12/01 12:21:11
2086	1	28897	        	0	1	2025/12/01 12:21:29
2087	1	28952	        	2	1	2025/12/01 12:22:44
2088	1	28952	        	3	1	2025/12/01 12:24:12
2089	1	23401	        	0	1	2025/12/01 12:25:29
2090	1	30178	        	2	1	2025/12/01 12:34:15
2091	1	30178	        	2	1	2025/12/01 12:34:17
2092	1	30178	        	0	1	2025/12/01 12:34:19
2093	1	30178	        	3	1	2025/12/01 12:35:29
2094	1	30178	        	3	1	2025/12/01 12:35:30
